5
44
43
87
22
37
129
131
28
110
70
128
25
58
58
136
24
22
23
119
23
28
195
160
20
79
58
124
56
37
126
71
27
149
20
152
21
42
72
148
21
20
73
21
141
24
128
71
20
40
22
137
22
81
21
16
83
33
17
107
117
116
30
20
21
37
23
77
88
18
125
19
71
122
42
18
15
36
17
48
17
133
64
148
32
43
124
47
37
17
169
19
156
146
30
226
18
148
72
45
19
145
20
168
31
131
22
69
34
125
49
36
48
22
41
36
114
30
57
19
74
20
69
38
16
114
48
20
21
150
69
21
17
150
30
19
44
42
54
35
148
29
17
144
51
71
27
117
126
32
112
22
36
45
154
83
19
134
61
149
169
16
54
20
20
438
60
22
68
36
160
18
54
53
27
46
54
32
41
176
18
50
48
23
42
314
20
43
78
129
42
31
51
30
34
73
26
46
48
26
206
54
39
73
46
37
28
52
53
34
74
45
23
64
30
34
46
52
59
27
19
26
42
37
81
126
48
21
27
115
38
135
66
50
128
38
74
173
37
23
150
18
47
156
45
55
75
43
77
88
42
20
64
149
22
81
315
38
27
51
152
19
48
46
39
22
152
20
121
34
29
39
177
80
43
54
74
153
38
46
303
64
41
76
46
62
88
54
70
30
54
36
131
24
57
37
145
72
34
87
46
140
46
41
177
43
19
176
52
27
81
177
43
51
157
32
25
73
20
28
41
38
118
34
150
45
43
162
27
24
31
76
19
20
151
43
46
44
130
38
42
168
32
31
121
38
22
155
21
25
35
43
39
177
42
32
21
16
28
147
42
22
64
47
30
27
211
44
50
147
33
30
26
65
28
38
31
125
50
42
168
32
59
155
21
135
53
136
197
43
144
54
58
193
37
39
70
52
70
79
56
46
63
169
65
76
147
45
53
142
64
22
145
67
53
34
53
37
32
173
62
82
63
147
34
133
54
131
46
35
153
67
34
130
27
25
53
43
156
39
37
129
164
33
24
25
22
38
28
19
40
184
19
49
152
52
39
170
48
42
58
24
22
146
38
27
55
202
62
25
133
29
20
34
167
61
57
66
171
25
65
129
16
48
56
150
38
49
175
18
60
54
131
69
40
187
40
17
43
34
58
24
62
20
42
151
50
27
23
141
20
60
44
68
21
67
65
157
56
70
19
66
58
32
129
57
58
58
163
37
31
132
42
55
132
37
36
60
125
25
44
111
125
41
47
87
49
31
30
127
35
67
57
38
72
43
155
25
29
85
70
21
34
138
45
36
235
49
51
24
173
78
32
153
67
49
24
75
21
40
79
146
20
57
86
123
27
67
41
61
47
40
31
29
29
127
26
30
123
40
66
28
142
20
43
72
41
50
85
146
28
62
188
32
19
77
152
23
68
41
20
29
55
21
51
144
22
30
84
134
28
63
82
128
24
69
32
67
72
118
58
19
152
71
27
42
36
87
20
32
33
118
44
124
43
137
124
66
33
74
66
43
46
32
134
56
36
47
164
38
49
37
28
165
44
29
39
191
47
45
33
227
66
43
39
119
196
54
56
47
193
70
73
36
39
82
60
43
66
50
48
62
35
26
121
22
23
50
225
42
55
43
41
72
27
29
115
182
36
25
44
139
23
56
62
42
52
37
39
30
33
150
23
37
39
71
44
122
39
42
68
68
132
24
58
46
46
55
63
112
156
27
42
67
118
26
80
24
129
21
24
67
204
35
42
31
50
83
53
216
28
50
26
132
44
18
56
45
58
29
133
125
25
40
124
23
82
23
82
116
24
138
33
30
85
20
33
131
176
44
29
173
34
29
23
113
28
74
20
157
113
47
33
75
26
41
146
34
35
124
125
51
28
159
16
59
126
54
55
122
203
31
133
22
19
141
66
22
133
39
32
60
62
41
19
48
46
30
143
56
26
170
145
32
39
201
45
21
155
50
25
58
134
30
29
54
116
21
142
39
21
71
39
19
159
35
142
124
120
117
120
26
28
120
16
59
201
20
87
47
148
106
36
31
114
27
26
30
20
126
51
44
61
28
36
87
142
30
37
81
22
39
35
20
58
33
20
28
31
30
185
20
17
126
188
21
35
49
46
134
16
46
19
35
19
53
20
158
19
255
36
171
22
35
41
23
186
76
22
156
19
201
22
17
64
23
143
34
169
113
125
40
16
27
70
123
73
27
170
72
127
24
49
154
37
165
26
190
39
20
160
40
81
34
57
21
64
131
125
161
20
147
30
152
25
19
59
48
127
31
30
144
28
16
67
37
24
189
28
19
175
44
17
34
73
17
69
145
80
34
74
71
77
24
152
84
124
74
22
22
198
22
17
112
126
23
38
40
24
18
154
24
62
197
36
56
218
33
68
88
143
86
30
30
150
44
191
18
59
198
26
80
65
46
16
169
120
20
41
29
114
19
21
116
79
76
28
146
20
67
36
75
61
49
47
120
23
18
30
87
31
41
18
40
44
68
33
40
21
31
47
31
26
23
21
47
46
59
86
28
21
67
50
36
21
34
48
60
20
26
47
70
47
83
26
123
135
55
42
28
36
57
25
126
25
44
141
22
65
30
28
66
25
143
28
74
138
42
22
39
116
20
23
24
57
17
19
31
58
33
60
79
27
25
57
47
58
70
131
33
42
58
73
41
55
67
82
24
66
149
55
22
54
74
47
31
63
40
43
59
69
64
55
80
22
130
23
64
33
36
36
46
22
76
64
23
24
125
83
53
50
23
82
54
43
114
132
122
23
59
22
179
51
35
37
38
143
30
36
123
42
22
40
33
58
42
35
58
62
26
18
153
22
20
63
48
82
26
21
43
71
81
43
16
26
84
69
19
20
42
26
49
20
21
21
47
32
29
57
62
18
43
19
70
52
24
24
28
78
23
42
20
53
33
20
46
66
31
27
63
122
27
27
50
31
68
51
83
20
25
31
72
32
16
56
39
22
19
37
46
19
21
79
45
20
50
43
30
20
27
65
43
78
55
32
87
19
20
34
54
64
20
38
185
33
35
128
22
130
74
47
22
17
159
24
122
25
28
39
20
22
25
53
219
79
57
19
46
76
24
78
64
36
33
136
28
45
172
26
45
22
120
79
36
43
23
158
135
51
29
31
49
28
70
32
17
18
29
18
38
21
62
37
33
133
27
51
31
120
20
125
20
76
25
69
29
64
30
23
21
136
29
19
21
46
25
20
33
110
126
36
19
117
117
30
17
114
59
35
19
111
60
69
154
47
19
28
151
22
19
138
159
55
18
218
20
27
40
119
22
148
36
88
20
134
125
55
27
68
17
30
28
57
25
120
24
19
120
113
21
29
21
88
132
18
169
42
18
79
48
22
152
66
88
19
56
128
136
21
21
19
153
20
24
32
33
120
83
25
23
33
125
29
115
18
36
30
35
28
116
52
143
52
123
28
38
174
25
20
19
76
204
35
35
21
19
26
29
20
26
78
39
25
18
54
85
48
164
25
127
132
36
27
67
57
121
78
65
40
84
146
43
130
28
42
20
31
36
220
23
125
86
156
65
22
127
121
22
126
20
129
50
61
120
127
48
60
22
137
36
178
86
19
167
44
144
38
149
22
121
37
33
143
19
51
45
48
29
25
168
60
19
85
63
35
19
189
52
19
123
40
53
86
60
49
22
69
49
19
134
62
20
164
59
144
162
26
79
16
165
37
21
44
47
29
69
191
56
20
165
54
20
37
171
75
28
123
51
77
134
63
46
17
124
30
35
43
87
26
122
137
19
60
48
230
36
26
155
79
32
85
117
107
145
35
34
166
20
56
143
23
20
161
17
70
185
39
19
88
69
19
117
22
140
126
42
136
18
131
24
145
28
187
51
43
111
135
23
18
31
64
62
82
178
44
81
131
163
23
75
132
88
22
66
163
55
30
120
141
62
123
59
154
20
84
149
37
23
75
155
22
41
31
173
20
123
49
154
118
51
74
55
33
119
156
43
139
41
118
128
49
34
136
88
50
19
27
65
30
69
82
130
24
140
143
26
20
117
79
19
151
135
24
26
69
31
122
159
112
57
158
29
73
20
70
70
63
137
124
27
29
163
121
50
26
122
27
42
169
71
38
52
21
194
84
29
64
184
20
50
49
132
142
122
122
20
44
185
19
24
152
127
25
120
110
148
52
38
214
31
24
44
25
131
64
33
24
77
207
21
29
41
23
22
34
123
26
54
130
80
67
43
143
79
25
52
87
117
35
49
161
19
153
55
22
59
142
145
47
125
75
25
45
152
28
29
54
172
28
68
125
38
60
160
129
21
170
82
30
131
55
27
131
135
21
119
18
169
24
135
148
31
143
22
41
132
20
284
40
22
44
143
122
21
22
156
20
23
200
64
45
40
128
83
59
32
35
148
21
168
51
29
125
120
34
53
197
39
60
42
156
127
27
39
142
22
28
172
18
159
170
40
183
24
142
20
157
117
17
139
46
172
40
34
64
132
67
20
143
46
21
146
52
21
153
116
74
46
151
273
20
65
171
22
44
67
201
29
124
62
46
30
19
168
47
141
85
68
58
23
183
45
208
151
122
21
142
40
19
199
48
141
166
23
44
38
42
130
21
178
82
18
200
21
44
198
138
19
131
140
19
183
81
56
132
45
22
200
41
20
144
26
30
115
197
20
156
130
22
148
144
29
21
133
35
121
29
36
127
63
33
208
38
33
135
27
37
152
23
82
160
155
41
133
26
48
57
45
74
47
49
21
131
52
27
153
22
59
142
45
39
112
137
36
128
25
21
57
168
38
49
37
24
25
64
19
30
28
60
26
163
20
29
23
145
19
25
227
23
24
182
23
17
299
30
20
150
21
16
40
31
21
25
131
17
23
160
22
20
150
22
29
53
22
59
139
21
35
146
30
44
47
25
41
57
19
46
68
22
120
60
28
57
19
19
57
49
29
49
40
127
20
41
164
23
34
47
20
37
34
37
124
21
18
43
21
18
21
29
29
31
152
18
21
19
26
35
112
74
19
21
159
20
57
33
27
39
81
20
148
36
35
143
20
18
38
27
22
137
72
30
71
57
29
28
29
59
27
23
17
69
39
22
17
76
21
19
130
30
22
139
25
31
120
19
17
123
20
21
31
84
20
20
59
59
21
121
21
23
175
21
20
151
20
31
29
39
65
123
20
81
81
21
24
133
23
22
58
33
40
30
38
18
23
24
19
80
69
21
21
50
40
18
54
45
44
26
26
118
53
46
30
23
70
123
19
17
148
20
18
32
35
27
150
21
61
54
72
19
119
23
18
19
182
20
21
32
132
53
67
19
135
21
39
36
174
30
43
20
25
43
19
71
65
21
17
34
64
18
31
79
18
34
164
19
17
28
49
19
56
128
18
23
32
147
22
44
121
20
17
47
144
17
21
21
79
20
38
28
148
22
36
20
24
20
45
129
21
43
25
22
21
131
158
21
132
18
156
82
31
28
60
35
16
154
59
17
31
66
28
43
64
18
38
19
161
18
41
63
20
29
44
136
54
34
19
177
54
24
20
30
43
33
138
19
31
168
20
18
85
23
26
20
67
30
18
149
53
22
20
33
20
22
148
37
19
46
127
17
70
25
19
21
38
88
25
48
20
135
32
56
21
40
34
20
139
32
29
31
213
25
16
16
203
22
17
38
118
19
38
53
22
18
69
152
15
126
26
22
48
19
151
19
28
57
136
18
50
121
35
29
32
40
41
21
36
58
46
16
135
22
23
222
39
19
31
170
22
16
157
20
17
79
135
21
36
39
153
20
26
49
148
56
46
83
22
30
57
88
72
30
23
62
66
19
132
55
23
49
50
41
25
60
34
19
195
45
19
56
62
20
28
171
27
73
151
17
20
123
22
21
134
126
21
78
29
19
27
65
19
121
25
39
25
25
134
35
33
42
29
35
44
25
31
83
24
20
25
35
32
31
19
188
20
32
28
149
32
20
130
17
21
24
35
28
17
143
27
18
176
20
19
191
18
22
116
72
20
118
68
19
47
114
19
64
19
115
21
19
163
24
18
164
38
21
27
143
20
21
51
24
19
88
23
20
125
23
24
37
86
36
29
52
23
20
56
28
142
36
51
32
42
46
64
20
32
121
19
128
54
58
62
21
47
47
66
21
21
37
45
23
21
116
21
68
21
35
21
72
20
17
17
25
61
20
122
35
25
54
45
20
18
68
71
53
25
27
44
22
22
28
61
33
27
82
45
19
24
26
49
22
44
25
41
29
25
20
86
83
20
74
47
46
23
22
20
56
126
27
19
67
34
22
55
29
29
23
39
61
36
23
55
47
29
68
20
29
27
33
14
57
26
49
16
46
41
35
22
43
18
47
38
37
25
123
23
69
26
47
38
67
19
18
57
44
26
18
118
18
49
21
75
43
52
18
66
56
36
26
116
15
18
27
153
23
18
42
23
85
31
18
12
15
20
25
38
20
108
12
21
12
11
34
24
85
24
13
54
36
18
44
30
36
17
14
33
140
24
17
38
60
44
29
42
54
156
25
17
17
62
46
28
14
121
22
56
11
32
54
29
14
52
17
64
17
39
31
72
33
23
11
32
66
18
14
35
36
50
17
18
26
58
20
28
31
118
15
28
16
52
14
31
16
31
51
15
51
13
81
20
23
15
19
15
26
47
25
55
16
30
60
76
18
85
16
43
16
21
15
50
43
14
15
28
15
15
17
55
27
17
128
15
56
19
21
45
18
30
17
51
14
58
15
14
39
16
43
23
134
74
18
17
32
78
17
14
16
52
16
16
24
27
82
15
17
13
118
17
17
32
49
20
15
54
22
22
34
36
16
20
19
59
28
19
32
50
49
32
20
57
75
21
24
60
28
76
21
84
24
20
29
152
27
53
26
80
21
22
32
28
23
20
36
34
27
29
56
73
20
44
26
83
20
27
22
20
54
34
38
46
25
77
115
28
20
21
150
148
23
20
31
63
36
21
22
120
21
22
17
28
31
121
23
49
20
52
25
21
20
64
65
43
76
26
54
37
24
23
47
138
54
21
123
22
19
48
30
25
21
199
23
16
46
35
23
171
24
30
128
46
21
130
32
21
47
52
118
62
19
161
37
36
80
21
64
117
20
159
18
20
174
21
25
154
17
19
59
25
52
144
18
79
131
25
41
160
68
31
141
45
49
85
122
18
163
148
37
27
22
21
22
54
18
150
79
21
51
64
21
19
38
38
25
38
117
19
26
30
114
27
23
78
49
19
43
77
20
66
21
30
22
87
73
19
44
20
128
49
41
48
43
30
19
137
57
32
79
40
25
18
82
19
25
128
54
19
25
45
39
25
34
21
38
51
23
23
23
151
22
22
40
75
50
17
127
21
19
40
57
20
19
86
142
19
17
125
19
145
19
78
39
49
20
71
52
20
156
74
19
24
175
19
31
89
64
132
48
43
54
45
42
161
17
20
37
76
52
150
20
56
17
40
81
20
79
48
137
17
34
51
67
24
17
139
19
56
88
37
61
17
76
45
29
39
22
37
158
29
33
27
143
22
84
40
20
22
53
40
27
42
150
26
65
68
122
22
22
34
151
46
24
79
20
130
28
21
31
69
41
53
57
159
32
27
48
139
18
82
44
20
37
26
53
62
118
27
48
51
83
85
19
32
126
17
41
50
134
39
19
123
52
26
45
136
15
52
64
33
22
25
119
33
21
45
39
28
40
131
18
25
31
18
65
19
18
40
24
157
31
18
68
120
26
31
17
132
45
19
153
38
32
21
18
57
22
58
27
18
44
160
19
42
38
86
19
35
117
44
20
128
23
114
19
121
35
21
64
52
25
20
24
71
30
44
18
28
23
23
139
26
79
22
44
73
37
27
22
24
45
28
20
38
30
22
18
19
25
129
21
42
22
132
22
42
47
22
138
30
44
23
152
23
18
34
32
133
19
46
22
53
18
20
46
29
129
21
27
20
85
43
21
21
33
86
21
47
21
122
21
24
20
28
18
40
47
20
15
48
119
20
42
22
127
25
30
28
20
19
40
83
25
18
25
110
19
41
27
134
24
29
26
20
18
33
126
19
23
28
120
17
52
21
19
23
43
23
80
22
54
20
161
29
21
19
129
66
33
19
45
49
30
84
23
23
21
121
20
31
22
130
48
21
20
20
25
36
63
19
44
34
133
18
26
24
30
68
35
20
51
27
23
21
121
37
32
39
43
168
69
22
34
153
52
34
23
20
86
25
22
22
85
85
45
21
21
74
25
23
21
118
29
21
22
35
58
22
20
46
87
36
28
15
18
79
24
30
18
137
62
30
20
25
31
22
38
19
119
60
19
51
18
130
24
17
20
134
34
18
27
24
72
33
19
26
127
27
45
17
23
40
67
17
118
28
37
21
42
79
21
40
18
68
19
27
22
51
17
19
39
30
43
23
40
135
60
35
39
75
28
61
41
17
20
70
19
64
71
120
18
144
57
28
39
74
51
72
35
88
18
137
52
30
48
35
24
34
22
47
70
62
68
18
165
37
87
65
21
80
62
30
50
22
88
51
22
153
50
146
35
161
25
153
135
60
85
30
88
19
26
64
32
38
79
21
33
159
31
54
48
24
21
62
33
24
56
71
30
20
26
19
41
64
23
20
177
35
22
66
74
34
56
48
70
24
32
67
22
26
31
54
62
35
34
149
23
51
152
19
36
87
29
21
27
119
23
56
36
45
43
120
121
67
58
73
22
130
32
52
70
18
37
147
19
73
39
49
20
35
38
51
31
24
41
52
22
68
62
126
21
84
26
36
25
27
24
42
22
57
76
20
134
69
129
19
87
25
31
46
34
63
21
117
21
24
161
21
33
55
47
20
34
64
18
58
25
53
34
58
72
20
65
23
136
39
84
33
31
41
21
23
64
21
121
58
20
54
122
20
37
23
24
44
42
116
22
36
160
18
21
53
24
37
19
79
30
24
65
30
37
155
25
88
84
41
20
75
62
39
37
70
28
21
68
29
23
141
19
22
123
23
27
71
22
112
59
84
21
21
44
29
47
28
43
143
147
32
26
28
39
87
25
34
23
63
71
52
29
52
63
21
55
35
26
39
53
34
62
59
57
133
20
64
128
23
110
36
23
35
32
77
19
44
28
34
22
125
37
21
41
39
138
17
70
18
41
26
35
69
25
42
56
31
55
86
121
44
35
24
28
44
19
50
147
85
20
45
58
29
56
19
28
87
48
43
54
38
55
36
31
24
66
75
38
63
18
80
32
35
26
28
26
35
34
60
22
41
36
31
29
72
21
40
21
23
133
21
32
59
127
19
18
61
41
45
34
21
16
34
88
18
63
35
59
45
28
49
40
25
66
121
22
58
20
122
20
124
49
60
48
21
18
59
50
31
52
31
49
48
47
150
44
47
18
34
32
70
19
130
28
26
21
23
21
206
52
21
24
29
24
27
23
46
32
20
135
18
19
20
180
19
24
18
136
29
19
20
109
34
30
18
40
27
39
19
22
40
18
56
139
38
41
26
37
23
40
48
24
31
79
34
21
107
46
35
123
45
32
84
19
45
121
20
21
145
20
21
137
38
21
123
30
69
112
22
38
125
23
18
181
31
20
77
22
53
41
23
27
123
40
52
79
23
74
24
23
32
23
22
30
19
42
41
16
35
47
19
61
117
19
20
114
64
17
74
43
20
22
44
18
19
141
23
22
82
44
29
63
71
20
22
74
20
19
136
23
20
150
29
32
20
18
46
20
153
36
25
139
20
26
81
20
53
125
19
51
131
30
18
28
79
22
118
126
19
27
123
211
38
26
54
125
58
28
117
24
60
165
21
22
159
86
23
53
128
25
25
46
129
65
37
45
181
53
29
28
58
30
138
37
37
27
81
40
19
67
130
33
19
55
77
31
20
26
47
21
57
21
128
38
47
54
135
21
35
115
28
22
86
23
115
50
21
81
22
46
30
136
19
36
37
125
22
32
145
20
64
37
22
19
122
19
20
79
126
21
84
120
20
36
38
115
54
48
22
123
41
25
58
17
38
58
128
16
87
22
19
85
22
119
20
47
23
18
29
47
112
16
47
40
111
29
38
121
19
32
127
19
40
34
82
39
43
20
51
23
17
130
25
19
28
28
49
37
125
21
21
153
19
20
78
31
50
19
134
22
26
43
127
26
24
51
17
28
54
21
22
47
129
20
19
162
33
19
64
133
21
35
140
23
22
79
49
19
32
86
28
36
35
63
19
44
127
20
48
32
145
38
19
139
24
21
61
22
120
48
23
21
22
21
31
122
32
44
23
89
19
61
27
23
55
23
19
23
69
71
38
118
21
34
63
124
58
80
119
122
60
68
136
74
67
78
63
119
77
42
85
25
24
231
54
37
26
72
81
191
77
77
48
66
21
17
78
25
40
23
46
27
27
66
21
19
63
62
53
87
20
31
144
20
15
65
125
41
27
50
18
42
29
21
83
46
61
19
48
29
22
148
19
25
118
27
18
79
19
34
58
50
47
69
38
33
68
35
57
119
43
58
21
85
23
21
117
43
18
87
76
31
54
20
111
56
86
134
22
39
45
25
113
37
63
44
38
83
23
67
73
45
88
20
65
124
33
29
22
54
119
47
61
41
37
88
50
79
20
66
79
22
122
52
33
30
22
31
33
80
123
46
34
147
22
120
27
74
27
35
38
117
21
30
132
30
33
77
29
51
43
122
46
47
23
26
59
85
88
69
26
108
120
21
48
20
25
67
49
131
115
16
30
36
36
125
59
54
74
45
29
41
41
49
129
45
86
28
64
20
68
68
24
56
47
51
53
48
139
57
46
37
33
120
26
32
59
21
118
47
26
80
77
30
115
47
36
36
41
37
46
39
119
42
27
43
47
20
61
65
41
80
38
109
34
79
56
76
32
39
29
115
27
25
125
32
66
61
82
24
28
65
28
37
63
24
113
52
21
143
55
33
54
42
137
21
23
43
39
53
49
34
59
57
23
40
73
59
20
159
81
20
28
115
30
60
21
61
29
19
115
152
16
138
43
39
40
21
48
86
28
30
37
108
29
28
134
16
148
60
18
129
63
19
37
36
174
48
45
44
24
48
24
39
145
39
81
22
53
28
19
117
36
31
79
34
36
128
22
133
76
18
132
32
25
116
52
59
22
129
52
49
20
144
30
57
21
45
22
27
77
73
19
45
28
34
21
22
71
40
49
33
18
141
36
19
51
22
41
33
139
75
21
32
82
19
71
32
41
40
72
117
21
37
142
58
41
58
36
47
56
149
67
36
33
129
21
34
74
30
37
26
142
39
18
21
129
23
58
79
41
16
30
68
23
53
28
25
61
24
57
49
34
35
36
34
20
157
59
35
45
72
19
49
58
38
18
156
37
21
20
78
23
119
36
36
35
26
59
39
81
22
78
18
140
56
21
139
26
121
37
20
21
70
126
19
31
83
18
19
137
33
18
68
29
23
77
56
37
30
31
40
35
53
51
31
16
138
28
47
109
43
31
26
47
22
45
138
54
27
39
41
21
21
112
54
117
19
31
21
19
150
42
36
40
131
45
33
21
121
52
37
20
42
37
24
83
50
28
41
26
61
20
43
168
47
26
153
17
53
60
122
19
66
29
19
18
65
35
17
58
137
16
24
26
52
132
23
28
21
123
26
34
31
121
45
38
26
124
36
25
22
78
39
107
19
115
70
23
22
111
31
59
23
112
16
24
29
67
26
27
51
117
22
46
45
26
32
23
52
146
36
20
45
140
25
37
39
115
38
124
33
138
24
154
58
69
45
134
20
67
34
41
53
67
19
153
50
19
121
18
22
112
20
52
55
21
28
28
20
26
29
25
22
20
122
19
22
40
78
69
36
35
19
29
23
22
55
147
27
31
80
39
29
24
29
74
115
23
20
62
39
69
20
36
52
133
17
24
23
33
41
22
27
21
147
20
22
30
39
33
24
24
36
128
22
22
19
43
21
22
21
58
26
49
112
19
68
50
47
20
164
26
42
127
38
21
63
118
22
50
20
21
26
23
27
41
20
23
25
19
29
26
17
27
44
24
39
61
41
22
46
121
17
119
23
20
44
39
119
20
56
47
17
132
31
24
22
131
25
20
129
22
30
127
21
27
26
30
25
36
22
25
34
135
33
27
80
54
21
45
22
21
25
23
22
28
42
21
138
37
56
21
77
46
32
142
34
18
47
75
48
17
55
165
20
70
54
59
29
59
55
27
52
146
19
55
147
29
84
51
127
45
21
54
26
39
63
144
30
21
85
25
23
146
38
31
161
33
45
119
46
27
35
66
48
29
43
55
25
21
85
52
138
46
60
61
62
21
76
50
36
58
45
19
47
68
36
45
83
30
36
78
59
112
44
47
36
85
21
159
88
27
160
54
38
19
77
27
19
34
119
29
38
128
21
32
57
131
27
66
32
41
23
174
18
50
180
16
16
122
24
25
79
124
24
43
88
21
65
146
63
21
114
53
23
31
130
16
137
19
22
19
46
115
30
57
83
24
121
21
44
66
45
86
120
38
174
21
31
158
42
60
60
194
47
26
131
44
43
140
23
55
22
116
31
54
76
43
60
21
149
21
53
47
63
71
54
20
88
88
75
22
142
63
18
61
84
19
111
32
55
201
23
70
30
73
21
58
132
18
61
62
135
33
65
67
20
47
40
52
120
38
57
55
121
43
21
52
125
130
21
58
146
23
27
47
134
30
23
139
41
50
48
81
24
47
73
19
169
36
56
54
26
41
62
121
21
24
80
32
52
20
136
20
47
46
56
32
42
57
80
23
42
42
21
79
25
28
37
46
83
73
36
80
19
146
70
43
134
54
19
153
28
77
19
25
170
55
22
131
66
42
22
167
69
24
160
42
31
123
41
41
64
137
84
23
26
52
57
22
70
81
57
23
51
170
20
25
36
135
21
52
32
151
21
63
32
46
25
19
57
68
59
133
40
20
72
138
29
21
40
140
26
19
46
173
33
24
69
137
48
20
23
152
57
26
55
126
23
61
25
156
19
27
82
22
47
83
126
47
27
37
130
39
19
132
57
20
72
138
19
67
130
18
62
55
156
69
32
130
56
54
161
20
87
129
31
44
48
23
38
22
30
157
20
22
83
22
19
72
87
20
58
47
175
32
32
75
38
35
41
124
22
28
161
42
30
34
145
19
43
137
30
26
33
130
49
42
49
154
21
56
22
59
46
47
79
38
20
39
24
23
43
145
70
88
29
83
26
31
78
20
122
171
20
115
48
30
33
118
141
49
86
37
21
31
76
156
34
87
23
150
37
25
123
38
41
128
41
19
80
135
48
148
71
35
47
46
54
19
41
122
36
67
74
133
46
63
121
65
49
126
82
21
64
74
23
44
79
158
18
143
54
19
33
82
21
51
75
144
43
20
77
155
30
32
87
55
28
69
147
23
85
71
47
66
149
57
28
77
76
36
110
119
31
127
121
35
20
160
63
29
125
53
52
18
144
55
22
139
83
28
151
121
20
135
60
21
48
76
186
50
41
137
21
17
171
58
21
161
61
20
77
125
19
27
35
22
74
29
167
20
66
33
24
48
30
28
60
26
68
31
27
148
28
36
140
34
69
32
128
27
41
133
45
46
37
22
35
131
137
19
143
48
23
127
39
22
74
82
126
62
74
126
25
39
49
28
29
138
37
29
45
22
42
62
36
56
41
39
146
42
43
23
50
44
22
28
42
23
125
49
22
44
62
125
81
21
44
84
77
70
73
116
170
111
41
58
46
164
51
174
40
135
133
156
31
70
133
88
113
165
81
47
35
33
58
30
124
39
83
134
51
17
49
47
35
27
22
87
52
63
23
138
35
68
161
66
42
46
22
32
45
21
22
48
123
31
23
19
44
67
23
23
23
51
67
25
22
83
77
39
21
75
139
65
50
61
59
136
21
67
119
63
34
34
160
43
43
65
172
47
17
85
27
43
42
138
71
48
77
161
21
46
145
39
51
41
75
109
32
56
86
82
19
164
21
34
30
129
28
67
33
57
156
37
73
19
30
116
18
64
65
34
43
42
71
48
75
52
35
19
66
130
34
39
79
64
75
21
62
84
19
19
25
42
77
21
29
66
35
56
48
79
118
39
65
42
32
85
47
18
26
26
116
26
30
150
26
38
79
39
85
40
15
64
47
59
122
44
38
41
41
172
21
69
43
42
86
69
70
56
81
142
149
31
76
74
71
63
19
69
41
57
54
37
156
29
126
33
125
39
66
26
20
26
40
17
59
36
36
58
19
26
29
41
32
56
26
48
23
24
47
56
45
24
50
37
42
31
41
26
55
37
30
25
32
31
60
22
69
37
59
39
63
27
72
44
70
28
72
24
30
32
82
30
37
39
65
60
26
59
33
36
40
71
28
37
46
45
71
33
21
49
51
46
22
28
38
33
21
16
38
82
22
42
89
72
17
26
52
105
18
64
48
30
19
26
139
66
24
21
35
69
117
21
64
19
122
37
40
15
80
24
49
35
21
147
132
23
23
34
56
63
24
37
43
142
38
52
20
136
46
53
18
151
21
80
36
22
49
24
46
48
43
70
26
38
140
62
30
22
34
82
43
28
19
39
41
47
38
33
34
62
31
38
60
34
33
33
48
32
47
45
36
64
35
31
35
80
49
50
30
77
76
17
48
34
18
24
30
30
49
27
36
53
23
41
57
52
77
55
62
65
33
58
173
138
113
120
50
140
158
148
127
116
124
124
88
81
50
83
86
70
79
143
84
183
85
154
141
146
66
123
71
110
88
64
78
164
118
144
161
199
55
79
157
116
256
192
150
114
225
169
136
142
172
143
176
234
168
156
184
151
150
250
351
192
155
143
177
175
86
127
80
162
161
186
192
150
168
591
78
68
122
188
123
133
110
180
69
83
120
75
88
111
88
118
141
135
82
158
212
84
70
138
75
168
169
177
120
144
196
123
247
154
134
127
136
165
154
163
179
204
116
195
221
619
161
164
162
149
183
165
153
129
154
119
161
201
117
163
161
217
170
80
559
158
223
43
133
138
209
106
124
28
142
131
161
156
158
132
130
231
115
149
169
190
116
189
145
180
171
127
192
222
138
149
131
141
171
133
137
170
160
152
175
145
200
120
30
68
44
63
54
83
36
131
41
67
82
51
121
45
58
72
39
34
55
78
22
38
31
129
37
46
80
57
66
124
41
72
75
38
75
55
42
65
78
82
44
35
77
49
63
26
71
34
66
51
59
71
114
26
37
68
130
34
89
38
61
131
22
29
66
151
119
26
72
121
60
55
124
87
36
66
83
47
24
33
37
27
33
36
133
62
48
60
30
63
33
51
30
43
56
29
257
38
24
84
31
48
26
27
63
35
30
152
29
46
27
188
35
19
21
33
39
41
36
33
181
18
56
28
51
39
22
25
42
117
54
25
52
43
144
20
38
30
66
69
29
88
18
21
24
25
22
20
184
26
159
21
25
20
20
201
50
122
32
66
58
43
151
20
26
62
37
70
19
23
45
30
54
146
59
29
55
22
38
26
67
18
28
78
33
31
31
48
156
41
30
50
63
58
23
40
167
39
38
127
36
22
26
190
30
31
39
161
52
33
35
147
47
47
45
45
22
20
143
51
60
35
49
37
28
156
32
26
25
700
54
31
127
128
36
39
118
31
66
55
22
19
24
37
180
26
25
65
158
75
26
35
214
33
367
53
194
25
69
166
26
40
44
47
33
21
115
168
40
21
53
124
25
23
35
59
17
62
33
56
18
33
157
38
33
73
47
77
24
60
35
33
48
174
33
120
88
23
32
78
137
66
78
23
133
88
132
41
148
54
86
44
409
38
26
65
25
43
50
45
35
40
27
147
34
49
52
116
33
79
19
173
38
37
28
155
81
21
85
27
25
84
30
52
22
19
84
27
28
210
59
49
23
30
82
30
71
26
29
18
30
50
21
68
25
183
21
48
76
41
17
24
153
33
30
175
21
21
169
68
19
192
21
30
124
58
19
83
30
31
136
23
24
39
23
35
24
67
17
185
18
25
24
182
33
41
136
22
279
30
154
16
25
66
80
28
32
33
20
56
47
27
17
151
23
70
18
64
42
45
71
30
84
22
133
40
26
62
34
39
164
30
548
24
15
43
23
80
18
60
54
20
39
27
164
145
21
30
60
21
41
159
39
22
320
39
72
31
19
49
149
25
113
34
34
43
84
23
37
49
67
21
33
201
26
24
377
42
32
81
23
50
132
20
28
23
27
18
29
46
34
33
29
27
47
33
39
55
129
40
19
35
169
40
145
24
29
160
27
21
45
81
36
110
32
21
22
27
36
23
24
53
24
65
22
26
26
24
31
28
19
27
21
26
194
28
21
50
19
27
78
29
25
23
19
34
45
82
23
30
27
38
35
88
20
26
24
31
35
83
22
20
26
19
26
79
34
20
130
31
41
224
41
30
145
35
19
33
81
21
24
146
32
19
151
19
19
184
30
20
41
66
16
29
38
147
33
27
44
26
126
29
25
69
17
19
197
20
23
12
17
68
14
23
16
21
18
19
22
45
24
29
19
17
41
14
30
28
14
38
18
39
16
16
17
27
17
33
15
31
185
23
42
81
36
45
35
37
18
114
42
32
55
124
18
57
65
21
16
18
33
59
17
18
42
26
46
17
36
134
33
36
17
37
28
65
17
23
58
29
29
21
17
17
128
22
18
26
58
46
51
16
17
16
84
53
17
27
34
41
31
19
22
33
37
25
16
21
19
79
14
14
14
39
116
14
14
19
20
123
13
13
29
167
39
14
11
18
54
17
27
13
25
50
35
21
25
31
27
23
11
18
27
15
17
24
156
37
13
13
16
27
17
23
19
29
17
126
16
11
128
32
49
16
22
64
34
38
12
19
86
74
34
12
17
74
77
18
16
72
16
28
19
23
15
13
23
29
12
83
40
18
16
123
20
33
22
33
25
126
15
28
19
47
25
27
15
88
31
18
61
131
16
37
28
143
32
46
14
118
62
17
22
73
22
21
28
16
62
18
114
15
18
88
33
19
45
25
17
38
57
38
54
29
17
26
69
22
37
152
45
30
148
25
19
14
117
29
33
14
82
17
30
12
38
31
16
27
46
126
12
34
70
58
15
23
21
16
41
43
43
15
72
37
14
40
64
82
22
32
31
83
38
16
23
81
85
20
33
66
116
27
16
59
124
17
18
43
83
37
14
14
133
43
16
14
134
26
15
27
20
63
20
26
42
17
52
28
20
24
154
28
15
19
51
113
20
16
131
16
44
15
23
119
14
39
49
14
107
32
58
49
27
29
133
20
29
36
16
119
40
30
21
28
16
40
50
16
125
17
20
22
25
41
39
32
51
121
21
29
25
21
125
48
51
151
39
20
53
50
69
19
135
39
30
148
38
25
170
85
29
139
52
30
134
23
76
18
55
72
21
149
17
74
130
18
68
22
46
40
21
140
21
21
56
80
37
22
29
29
54
32
66
16
51
155
57
18
157
45
17
17
47
153
18
30
38
118
19
18
68
41
18
69
18
36
136
19
20
133
34
32
73
26
19
42
83
22
37
129
52
36
67
18
18
134
39
44
34
41
20
36
23
23
30
23
23
64
47
19
37
59
18
32
67
29
17
24
53
33
27
38
19
33
42
26
16
66
38
19
17
27
35
18
28
24
31
42
28
19
39
39
23
33
54
50
27
17
38
24
15
17
32
44
18
22
17
31
33
19
16
40
19
15
21
56
24
17
22
30
26
45
15
16
58
17
26
34
16
15
51
56
23
22
27
63
25
17
25
39
45
19
61
16
16
14
56
31
17
20
55
40
19
30
38
44
23
24
31
51
18
34
50
51
32
32
55
47
14
21
42
46
17
18
19
66
47
23
16
19
67
23
22
45
16
16
23
136
19
22
24
19
13
16
16
71
17
19
34
16
61
19
26
42
23
16
23
41
38
26
10
80
58
18
25
47
22
19
133
16
55
31
18
20
34
29
18
17
22
34
15
21
31
67
29
17
18
24
31
13
27
33
45
17
18
52
55
16
28
21
38
17
12
19
43
12
15
68
56
15
18
43
25
20
26
47
35
14
32
27
43
28
18
21
27
22
44
19
18
49
15
57
21
16
12
34
70
15
13
133
18
13
17
35
68
15
15
46
84
14
15
37
44
16
13
80
20
13
25
85
23
19
75
41
20
20
66
29
23
23
132
25
53
61
80
21
18
48
34
18
37
22
43
19
31
20
21
79
17
44
25
24
51
62
28
51
48
21
38
27
20
22
23
26
37
70
23
33
39
71
47
44
40
116
45
33
61
48
41
61
75
58
59
59
77
41
33
51
77
57
49
40
67
120
47
59
120
55
56
50
55
47
84
47
53
57
65
60
74
134
119
32
132
57
57
85
81
43
135
43
44
127
68
170
46
52
62
39
75
120
39
64
83
53
76
40
111
44
127
119
58
73
58
137
40
64
54
136
43
119
71
63
69
42
123
53
69
119
122
77
76
40
120
85
57
138
133
128
110
67
43
51
86
116
44
115
141
85
47
118
70
78
56
42
43
72
45
50
127
38
139
163
207
178
127
173
183
206
141
133
172
176
148
163
174
174
173
220
214
166
150
183
170
167
136
198
202
143
203
184
124
197
183
140
231
158
168
129
149
180
208
173
229
162
187
182
150
236
190
196
142
164
203
185
207
148
143
172
172
142
206
152
192
153
186
204
256
128
168
191
174
140
178
194
202
184
133
201
186
180
149
193
169
185
204
192
166
193
19
168
198
193
195
137
52
182
20
125
33
19
28
29
120
26
169
21
44
21
25
151
26
24
58
78
61
24
28
40
22
23
24
66
152
26
43
23
52
26
66
82
57
22
67
48
66
33
25
22
53
32
26
124
25
20
115
22
24
17
163
57
24
20
24
49
32
21
87
22
72
20
31
22
80
36
25
19
61
45
49
14
45
156
52
36
41
45
63
39
36
22
52
22
52
54
21
48
56
145
47
115
21
31
56
119
29
50
24
73
51
19
71
76
19
141
64
23
27
55
47
40
19
66
23
33
136
41
38
20
62
65
19
25
163
21
27
18
86
33
44
14
136
49
26
52
72
18
27
44
42
47
42
137
15
37
56
21
49
31
64
26
25
88
57
18
18
55
23
20
84
17
35
24
35
50
45
33
131
55
17
78
32
23
77
69
18
41
45
20
21
17
34
19
35
22
60
63
21
49
67
44
56
18
57
47
18
62
54
23
137
25
16
44
58
68
20
57
22
30
51
35
64
58
28
40
62
23
36
77
22
68
33
52
35
78
57
23
69
17
59
61
45
57
36
27
20
227
56
57
61
127
148
23
53
88
197
27
25
30
62
41
149
131
41
64
55
153
35
28
57
142
50
30
49
24
170
23
147
38
171
25
32
25
137
26
64
199
23
21
83
33
24
142
38
23
74
22
17
70
37
19
118
33
40
45
39
32
155
24
29
26
41
20
123
29
22
187
22
21
37
52
23
23
43
34
22
34
25
178
19
25
157
17
64
133
35
26
138
23
127
153
21
81
163
20
55
193
19
28
152
19
85
26
144
48
15
33
64
53
54
23
36
208
16
22
21
56
54
25
21
113
180
17
28
16
114
56
14
24
25
186
18
18
21
67
29
17
21
64
149
18
19
18
64
23
17
34
31
173
20
42
23
50
43
55
15
52
152
32
56
32
152
14
181
62
21
121
26
40
22
226
27
40
21
130
24
33
27
24
23
26
31
160
54
26
20
138
29
23
16
23
75
141
30
37
21
163
18
51
22
32
36
26
155
21
15
25
199
23
20
45
35
23
37
46
144
33
17
240
52
20
17
182
24
28
22
144
159
21
23
24
178
72
21
35
84
30
77
18
182
26
48
28
31
21
40
19
20
43
167
38
20
20
138
23
22
118
52
27
128
46
48
20
146
31
23
38
21
26
49
26
39
206
21
26
37
65
20
70
26
18
144
145
18
44
27
20
44
88
47
43
24
161
15
24
58
18
48
45
32
25
27
20
16
83
19
14
37
47
41
18
20
48
46
19
62
19
24
22
71
49
33
73
58
33
20
20
123
20
12
61
20
17
39
40
21
44
59
34
22
36
44
79
38
20
73
73
22
52
41
27
30
55
36
18
16
46
32
28
22
24
41
25
24
20
27
25
45
31
25
48
23
24
73
132
23
22
49
57
37
31
51
26
60
52
20
121
24
64
37
79
17
30
25
62
131
22
19
40
20
15
71
22
22
20
146
21
14
72
57
14
18
123
16
55
60
16
13
40
19
25
15
21
13
56
49
19
10
11
27
36
18
10
133
17
17
15
27
16
21
127
37
38
20
27
18
33
136
25
23
40
167
50
19
34
16
144
29
18
235
18
31
39
181
19
39
62
17
30
79
19
125
30
41
26
19
44
38
18
132
68
28
30
20
120
69
18
128
78
23
228
48
29
19
47
24
54
20
16
133
17
24
22
17
50
38
20
58
46
20
51
28
21
20
183
18
28
45
26
174
133
39
151
154
73
115
27
139
62
113
166
202
165
181
22
136
125
48
78
54
22
186
119
22
145
58
45
189
36
43
32
29
57
39
130
19
23
35
61
20
128
49
57
50
123
44
34
69
46
47
26
46
35
131
20
35
85
39
21
18
40
34
56
28
44
146
62
25
123
85
30
25
51
175
44
40
121
59
64
73
169
61
17
162
65
42
27
136
61
29
186
50
35
43
25
25
32
166
24
27
142
24
23
128
55
19
81
51
28
25
141
42
39
75
40
29
24
35
38
40
69
131
20
40
152
17
48
36
19
25
124
58
30
21
18
135
18
52
205
18
31
174
33
19
42
47
141
17
22
125
135
17
44
178
20
29
57
46
21
36
190
19
21
162
64
25
49
42
142
40
20
81
28
49
17
113
37
25
129
74
26
210
20
196
33
24
41
170
28
23
38
61
23
163
24
20
39
155
22
134
27
21
19
228
55
17
141
37
43
22
117
22
26
136
42
18
33
45
18
25
130
29
19
121
57
18
125
87
21
157
49
21
15
54
20
16
149
25
19
147
61
19
159
54
23
26
44
22
16
35
46
20
19
34
76
27
23
136
32
35
151
39
55
131
36
34
18
26
46
26
124
69
21
126
38
45
131
41
47
34
22
84
19
154
46
20
132
18
40
177
18
64
23
23
33
27
130
18
43
87
22
42
48
23
41
21
120
39
73
33
62
38
25
21
19
54
25
149
18
23
133
43
141
28
15
49
19
21
46
202
19
17
145
32
45
180
22
21
211
16
54
173
20
25
21
27
68
20
155
22
24
129
84
22
141
30
30
20
23
21
22
35
22
117
62
28
45
45
25
127
31
184
167
197
197
45
42
44
81
27
78
21
121
134
33
140
86
23
35
36
84
149
161
131
20
146
223
163
168
149
31
71
27
25
45
26
27
18
21
25
70
37
15
24
22
25
30
23
32
20
45
41
24
18
74
26
15
24
64
19
28
37
27
55
40
20
19
25
52
18
19
65
41
31
23
45
24
26
21
15
29
20
19
37
24
25
21
44
46
18
23
45
44
20
70
24
21
25
28
28
18
19
40
25
20
20
27
50
26
23
23
27
24
24
22
28
53
24
20
22
32
49
23
17
34
24
31
29
32
121
41
46
22
35
40
50
20
18
22
17
55
29
21
21
27
41
39
39
34
34
38
37
31
80
22
22
46
19
36
26
22
27
17
58
61
20
29
40
60
31
53
20
36
30
36
37
83
27
19
50
43
66
27
25
53
16
55
34
34
34
20
39
84
58
24
45
21
42
37
18
24
40
36
20
21
50
22
41
41
32
19
44
56
42
24
28
17
38
18
20
23
27
32
20
28
29
43
32
20
22
64
40
30
30
24
51
31
32
31
32
70
31
35
31
126
34
25
33
42
50
28
28
61
36
32
60
51
29
27
63
30
37
22
52
27
27
29
38
52
23
28
43
26
48
71
24
78
21
34
71
23
56
34
80
25
21
52
23
34
23
38
22
59
21
122
22
26
20
34
30
23
22
43
23
49
28
28
26
29
88
23
28
117
24
23
54
46
42
29
30
38
19
49
22
24
113
18
50
22
29
52
26
19
77
22
23
29
24
23
43
27
29
26
50
22
26
72
27
41
27
27
21
20
25
27
27
27
22
28
23
28
26
24
34
28
26
22
43
24
25
24
30
26
25
29
22
28
29
29
52
24
33
36
29
21
29
22
21
28
47
20
19
24
50
29
25
36
23
49
25
27
23
24
28
22
38
19
42
22
36
31
31
25
32
22
31
48
21
42
25
26
28
47
42
28
42
20
35
53
22
29
29
22
30
31
36
47
25
37
41
30
20
52
25
28
34
28
33
36
42
29
58
30
25
37
28
33
27
39
27
24
29
37
18
37
50
23
54
20
36
28
30
30
23
24
28
34
20
26
33
18
23
29
30
20
26
30
27
28
187
36
29
28
27
34
28
21
47
38
25
31
23
24
47
59
21
28
30
23
27
38
38
35
28
25
32
35
33
18
41
24
26
27
26
34
23
60
21
32
22
27
31
23
28
22
50
21
24
29
48
28
29
21
29
40
29
37
40
28
21
40
27
23
40
56
24
28
31
29
24
26
27
27
26
38
24
22
30
25
37
26
28
36
24
24
47
34
27
30
33
24
25
34
49
28
