3
19
27
97
36
120
51
53
29
44
51
19
27
18
31
19
31
33
26
44
42
29
35
23
24
39
34
20
24
40
21
22
18
38
45
23
24
28
72
24
29
24
17
29
70
38
30
20
40
29
62
25
32
26
33
32
39
35
34
25
23
66
52
41
33
54
27
23
40
40
39
34
74
42
21
24
42
27
28
29
54
23
32
40
106
39
25
57
36
31
106
34
23
34
55
22
36
52
27
32
27
20
26
60
41
26
63
49
18
30
35
19
39
47
22
31
36
37
40
58
78
18
44
63
48
38
20
30
36
33
28
36
146
24
49
33
44
62
28
35
78
20
35
94
37
30
48
29
45
29
30
30
27
46
37
35
41
50
21
30
44
45
69
34
48
33
31
22
41
42
19
37
29
17
29
37
26
39
51
25
30
41
25
24
36
22
41
40
37
53
57
37
38
40
24
39
44
23
51
27
39
36
39
45
42
47
25
31
43
61
26
47
32
26
44
25
25
36
29
32
80
70
27
46
44
22
68
31
30
57
25
30
72
30
35
43
23
65
55
25
62
27
22
32
39
38
51
50
33
28
68
32
21
39
30
27
42
21
23
36
30
31
73
30
33
64
31
31
74
42
89
20
57
59
23
31
51
27
45
53
51
20
40
34
14
46
36
33
31
46
28
25
49
64
23
48
30
25
27
21
24
24
69
47
36
31
58
50
29
76
20
74
33
27
68
45
42
36
34
49
41
39
43
43
22
62
19
64
26
19
22
29
39
19
24
39
40
60
33
45
29
33
28
24
25
23
34
28
25
23
58
29
47
32
42
31
40
21
34
42
31
33
43
24
30
45
32
36
40
24
31
49
24
35
42
25
52
30
62
79
31
21
74
23
28
31
26
25
51
24
40
104
33
23
78
36
35
20
26
38
57
28
35
28
48
29
25
35
30
44
20
52
35
31
20
33
30
35
31
33
18
27
30
33
67
27
19
57
36
20
59
40
26
80
45
37
32
41
27
31
50
30
34
26
38
50
23
26
58
26
20
82
33
22
58
61
18
62
19
22
42
31
28
32
53
56
24
77
26
29
36
17
31
78
53
28
81
43
58
29
51
23
43
38
27
47
23
24
54
25
58
36
27
22
51
32
24
46
42
49
34
25
29
18
22
31
21
63
26
26
27
38
27
20
46
23
26
81
24
25
51
19
39
65
46
48
23
47
32
26
35
43
26
35
21
25
51
27
19
50
57
25
19
41
41
30
25
39
26
71
28
23
37
18
53
29
69
20
34
25
24
43
39
30
24
48
58
51
38
39
27
28
99
23
56
43
25
62
42
22
40
21
40
24
66
27
33
73
34
36
22
131
30
29
64
32
25
37
22
36
67
56
26
31
32
36
37
26
18
38
53
20
40
40
42
22
26
31
41
31
32
53
32
47
53
27
26
78
52
26
19
52
29
23
84
66
23
22
67
39
20
66
29
20
65
26
21
62
35
30
49
71
49
61
84
57
31
45
37
39
26
58
38
28
44
35
52
23
36
73
39
62
21
44
30
49
29
70
42
52
29
34
41
28
18
59
71
31
58
44
22
34
69
42
22
27
70
24
54
32
28
50
40
29
67
19
31
39
367
25
32
32
39
27
23
21
25
67
28
59
36
34
26
343
30
30
165
27
24
21
397
22
39
25
51
32
24
68
19
17
52
26
50
26
48
45
24
29
66
26
42
35
25
44
59
24
26
34
78
18
44
63
22
25
25
59
179
29
54
37
21
23
37
28
32
36
23
40
40
27
20
35
52
24
53
20
34
50
45
68
24
42
27
91
54
29
26
44
52
23
59
82
34
26
40
24
29
27
43
61
28
27
33
37
37
48
31
22
36
77
24
46
39
30
43
36
37
91
29
55
35
33
30
20
21
35
84
45
19
40
42
20
35
42
58
57
45
72
61
29
25
31
24
23
53
38
71
44
31
67
34
32
24
38
38
22
49
36
19
34
69
22
53
43
19
38
65
28
72
61
39
24
51
35
47
34
23
77
24
44
41
22
46
68
18
28
110
37
22
40
29
23
24
50
20
60
54
29
29
52
30
49
23
28
25
35
32
28
36
18
26
31
16
44
29
48
31
44
83
34
20
50
22
26
73
25
41
29
86
38
33
41
32
47
25
79
94
21
45
73
24
35
45
54
1848
35
98
18
32
92
36
52
35
18
728
30
47
37
42
50
37
19
67
48
36
284
68
70
33
28
69
24
24
29
82
23
33
35
61
25
22
35
54
23
38
22
101
55
49
55
21
27
107
27
19
56
30
37
35
26
37
22
23
46
31
54
26
72
17
35
24
30
56
43
39
35
29
130
38
17
34
40
37
28
75
34
26
71
36
33
56
98
48
24
21
62
22
21
29
38
40
46
42
16
113
76
22
20
45
36
88
19
51
47
62
43
23
31
68
47
23
39
59
33
20
69
71
23
17
52
42
71
18
38
71
43
17
23
77
26
21
42
71
21
18
33
58
34
37
30
65
36
33
46
49
73
30
19
95
17
74
41
20
41
37
44
17
53
58
24
37
35
75
23
29
59
35
19
60
46
39
25
139
26
30
32
108
47
21
45
59
23
32
40
31
22
47
49
23
37
23
20
28
53
66
37
64
41
70
34
57
27
21
74
23
20
27
36
21
29
26
43
20
38
38
79
24
37
86
33
21
57
69
20
22
25
42
17
33
23
31
20
27
77
38
21
27
34
51
24
55
42
45
20
59
22
49
19
66
39
23
30
30
20
28
47
38
41
29
56
25
41
18
80
34
35
18
43
36
100
49
73
35
117
59
25
29
48
49
83
41
47
74
68
23
64
49
90
22
47
131
108
58
38
88
46
22
115
52
26
55
82
74
41
29
30
35
31
32
69
20
42
54
72
48
81
22
65
44
27
30
47
93
50
51
78
38
27
66
80
19
78
89
35
23
44
53
25
62
76
45
48
66
21
43
38
69
68
89
42
21
146
18
65
58
83
55
43
23
39
55
33
71
52
64
78
66
54
34
80
23
64
38
20
42
72
36
38
31
56
54
19
34
91
32
25
69
23
37
99
18
99
28
56
57
43
38
51
24
29
30
56
23
46
56
63
29
63
63
102
33
49
80
44
32
28
36
39
35
32
51
119
29
21
32
19
72
56
40
31
95
65
19
63
76
20
52
34
60
27
59
30
48
73
22
29
61
83
50
27
39
114
54
33
105
46
28
112
89
37
51
40
55
66
46
50
53
31
72
77
63
57
98
40
23
157
38
49
99
36
34
126
40
61
31
34
84
37
83
34
33
56
71
60
94
42
68
28
39
66
110
41
50
36
36
45
48
41
34
97
44
62
47
27
63
52
70
38
73
50
71
54
39
45
52
106
66
92
87
24
22
87
35
58
58
66
48
44
57
52
33
119
69
50
82
82
103
22
56
39
91
25
29
89
52
70
63
53
69
44
82
62
48
52
43
50
45
40
40
47
72
53
66
63
34
59
23
38
94
67
40
53
44
22
18
31
102
31
74
101
32
128
193
56
58
77
33
45
66
28
25
53
60
109
75
66
46
106
65
55
71
90
22
37
23
49
70
35
30
67
72
66
50
540
45
34
62
25
63
47
77
32
67
19
59
92
30
17
60
84
32
43
20
31
85
64
38
21
40
25
29
38
24
30
41
21
72
64
50
31
53
19
22
57
25
16
29
30
46
33
64
71
31
20
40
59
65
16
54
20
30
36
24
74
22
22
43
45
29
24
63
50
19
32
32
33
51
24
39
36
50
17
24
30
49
22
43
55
19
35
31
36
23
25
23
19
75
25
55
61
24
55
40
62
87
77
42
68
32
35
86
42
26
115
22
28
41
54
61
38
65
62
41
21
43
66
60
49
123
75
20
54
67
94
69
16
61
89
17
51
30
133
20
17
43
120
42
23
67
33
91
19
110
68
18
45
54
100
22
23
47
68
42
39
45
43
19
21
69
126
20
14
56
72
37
19
61
82
28
82
70
37
33
88
70
44
35
16
47
32
46
72
36
64
26
26
25
21
65
17
35
24
26
70
49
21
73
45
32
63
30
33
75
58
70
42
75
91
31
35
57
61
89
68
28
48
23
57
87
81
21
62
74
44
31
36
18
57
43
31
33
21
40
111
19
76
30
67
41
87
38
61
19
53
56
75
21
94
18
68
39
39
26
58
62
50
32
42
24
104
25
63
38
29
23
88
18
49
32
26
41
35
139
18
24
61
39
50
33
57
18
23
44
21
74
112
30
58
137
63
62
66
51
42
18
57
33
18
64
67
46
33
73
28
19
21
38
45
24
21
45
82
20
23
20
39
47
47
20
82
59
23
39
59
36
37
29
67
19
23
31
33
20
31
39
16
36
58
22
76
28
28
57
53
22
98
30
33
17
89
27
20
52
18
18
43
57
68
18
28
45
27
18
33
31
44
61
90
53
18
78
65
35
27
39
70
54
18
80
22
24
31
24
35
51
37
18
35
51
18
31
42
30
33
16
37
25
24
48
27
50
44
44
32
38
30
73
60
20
57
19
64
71
85
42
29
43
52
47
42
33
58
38
74
26
71
22
55
58
40
20
73
43
63
41
68
27
47
27
90
38
54
61
69
44
50
29
47
42
44
40
45
59
61
24
48
71
53
43
34
39
53
31
28
21
25
42
37
28
62
20
18
60
41
68
28
22
97
20
56
24
50
23
21
105
21
35
38
21
40
24
59
67
17
40
51
37
78
26
19
78
20
86
37
44
25
71
57
42
48
21
40
19
60
21
61
58
19
32
46
34
21
38
63
47
21
36
53
33
44
30
56
69
42
20
57
43
18
53
109
34
26
32
69
83
48
21
61
128
51
44
35
29
64
73
29
66
72
34
69
41
63
41
20
73
49
93
31
25
47
38
85
49
55
47
74
36
30
34
85
18
49
41
63
26
17
83
51
28
48
83
54
19
68
39
49
56
39
39
19
86
36
27
43
27
40
62
33
25
20
18
22
23
67
30
40
46
24
38
24
43
60
36
64
40
31
23
57
82
30
30
75
70
24
29
27
25
32
75
60
27
76
57
59
61
27
107
20
85
62
73
20
20
83
71
37
76
66
24
52
48
67
20
123
37
46
90
89
43
18
109
31
66
114
29
35
41
44
39
85
98
22
66
25
32
45
89
36
27
36
27
24
35
84
30
87
90
70
56
60
39
32
36
132
19
42
81
31
20
79
19
42
48
67
30
18
90
17
24
58
81
74
69
34
74
82
124
47
126
49
36
36
167
32
26
64
124
30
36
76
69
33
63
43
107
35
64
33
33
98
48
82
49
40
117
44
66
43
99
71
72
44
52
38
34
42
94
31
32
33
84
35
28
108
76
54
30
39
87
68
76
34
102
29
63
40
88
55
40
31
37
82
87
32
65
66
28
22
42
25
19
36
71
22
31
41
100
68
18
110
41
26
22
74
67
29
82
38
48
26
76
51
56
49
77
131
52
43
37
87
41
35
52
49
81
38
56
38
70
46
56
54
55
30
56
74
73
42
54
77
75
102
49
115
84
45
68
129
51
71
126
149
51
56
71
86
35
127
88
80
40
84
143
48
36
53
106
41
65
112
88
33
57
75
81
58
69
57
99
87
33
69
72
113
74
76
105
27
37
24
95
64
37
46
62
35
35
87
44
60
29
53
70
102
34
122
74
87
38
100
79
34
52
109
90
53
66
77
56
49
59
124
85
26
22
54
96
48
79
40
41
50
61
41
82
61
168
38
47
78
57
84
78
55
48
27
95
59
121
35
81
27
55
52
52
32
56
56
58
42
41
55
51
44
51
35
29
79
50
44
112
34
72
71
99
38
43
70
71
121
48
42
48
37
59
68
104
47
81
38
64
45
73
41
32
39
49
72
89
60
66
37
65
39
91
37
47
71
167
31
82
74
38
62
43
105
86
39
39
33
35
76
66
74
58
117
76
115
59
78
76
46
94
37
62
73
99
39
35
61
69
91
48
44
138
51
43
64
61
51
78
160
73
39
20
58
49
45
52
94
82
55
29
93
79
99
42
46
216
63
42
51
38
48
81
38
56
30
76
93
105
42
58
66
44
70
61
585
50
84
52
61
41
126
122
106
41
124
159
61
127
96
28
115
52
109
23
19
171
22
22
51
82
85
16
139
55
54
19
173
24
107
15
123
25
29
34
69
144
31
28
32
20
34
69
29
31
60
61
22
19
78
38
138
65
25
41
116
129
23
112
112
156
66
131
77
74
92
34
121
102
173
44
53
120
34
115
138
86
56
122
25
119
135
109
148
20
34
158
109
145
128
21
134
121
121
85
28
106
57
65
89
187
59
37
76
113
162
34
38
117
44
51
97
116
69
23
30
165
69
59
124
59
23
110
58
133
188
128
29
158
23
155
29
131
104
64
24
173
147
138
26
32
136
18
24
33
121
124
25
20
22
127
24
17
100
34
117
120
53
65
119
134
116
160
177
99
97
169
94
134
108
148
103
119
107
119
121
100
150
96
144
102
150
121
141
103
109
93
93
124
115
108
112
122
48
20
93
23
89
37
54
130
46
131
59
146
21
125
98
120
25
20
135
46
21
113
22
67
24
150
22
148
21
87
23
137
57
27
125
21
26
140
25
17
25
44
30
115
51
46
137
19
29
77
23
15
49
60
18
123
40
17
127
59
25
116
134
56
21
29
32
73
25
42
46
20
90
149
18
51
122
74
23
148
47
31
27
20
45
53
149
37
26
142
38
23
41
63
37
29
170
22
45
152
24
37
58
136
61
28
24
44
42
27
38
137
22
58
22
162
33
60
167
24
38
24
25
112
22
41
30
140
46
117
100
26
22
95
25
20
41
69
18
19
54
47
39
85
20
116
50
20
146
27
47
26
23
25
20
56
40
31
41
37
35
160
61
31
47
129
26
22
22
39
28
19
69
17
117
21
25
58
131
17
24
44
81
31
115
20
17
55
62
139
21
31
29
33
52
28
20
54
16
22
55
108
23
18
73
72
16
53
98
48
21
39
126
25
28
97
66
57
22
85
68
20
117
25
19
72
26
20
110
106
26
16
84
53
23
23
95
57
88
23
16
136
67
49
31
128
72
27
54
25
60
23
20
58
51
24
105
73
22
108
22
32
51
130
63
23
30
47
63
33
46
69
63
76
111
24
32
42
95
20
62
90
90
68
23
67
47
30
51
53
26
170
50
49
164
47
55
113
41
79
114
41
30
168
18
50
143
32
40
142
21
54
144
23
75
146
23
74
177
22
91
126
19
25
186
32
21
164
18
59
142
21
113
154
48
62
85
89
43
49
110
75
56
129
58
40
113
85
22
34
128
33
32
65
69
125
23
52
34
110
98
24
138
43
50
19
57
31
20
113
85
40
116
123
23
93
49
37
17
79
95
19
137
40
80
144
94
30
24
23
51
22
132
84
44
80
127
33
67
33
65
101
30
104
119
34
16
114
40
16
144
86
23
150
129
41
111
85
51
31
37
63
18
146
21
61
29
118
41
37
129
53
35
24
87
30
21
136
108
25
106
97
42
37
141
87
87
113
96
29
24
34
30
23
115
35
42
30
141
48
51
28
74
30
23
91
70
20
129
78
20
163
65
31
22
121
107
33
126
30
40
115
53
41
86
51
31
19
142
88
27
52
104
23
79
107
29
62
132
44
20
27
123
56
31
118
159
17
15
132
33
19
12
35
69
142
15
30
47
19
20
58
94
17
116
57
23
38
13
117
27
43
18
21
123
41
29
30
26
23
79
31
18
77
72
29
140
65
37
22
220
88
29
37
150
65
20
29
31
144
26
17
138
57
17
48
59
150
14
34
100
50
26
27
161
47
100
22
123
23
79
30
142
82
104
35
35
48
53
28
125
54
37
34
29
136
86
29
131
38
41
28
170
24
51
69
30
16
110
22
19
26
25
68
96
59
42
26
22
38
59
158
34
32
44
92
40
17
42
100
26
18
30
130
17
20
83
25
61
32
33
84
49
35
48
31
26
37
18
106
28
19
23
20
91
42
54
108
97
24
39
40
73
27
35
100
92
19
77
113
65
30
46
21
130
31
23
63
31
22
30
50
45
39
19
101
43
22
59
25
92
28
19
39
54
21
43
17
23
50
130
51
26
49
134
27
44
114
44
87
149
36
34
110
35
22
156
29
24
26
55
24
100
19
19
95
44
18
32
24
58
18
28
28
15
43
19
15
79
17
13
32
16
18
20
30
51
90
18
46
13
80
13
29
20
90
17
17
41
94
31
22
13
114
16
16
14
16
97
17
14
11
50
84
23
13
21
135
39
23
20
21
106
59
20
22
20
116
22
23
25
20
126
15
24
19
106
22
28
21
50
137
20
30
19
32
122
23
23
27
18
27
22
21
23
86
20
111
16
22
41
19
27
24
28
22
102
17
58
42
88
19
20
78
46
88
34
35
38
30
81
32
28
19
33
88
28
20
38
55
20
18
28
35
17
42
34
19
20
180
18
19
18
44
40
31
27
175
61
19
19
18
146
27
17
20
58
59
15
37
131
21
78
19
117
49
97
20
106
65
97
31
147
28
41
69
47
36
105
46
54
121
49
132
47
52
52
21
111
34
22
41
27
113
23
84
31
20
126
25
38
119
60
26
52
21
91
38
20
52
33
162
23
18
155
24
26
33
22
113
24
136
37
113
36
18
38
163
20
22
74
161
47
154
27
153
33
59
33
142
39
32
60
22
21
60
21
99
39
27
156
58
30
108
34
49
20
38
103
25
42
179
29
31
152
44
37
134
20
39
139
19
21
115
42
22
143
69
41
22
58
25
53
56
172
41
106
22
102
17
195
25
21
118
62
158
27
47
127
30
34
168
22
57
123
25
35
147
39
20
27
33
73
26
40
152
18
33
136
18
59
129
18
84
159
24
25
168
30
14
107
21
16
125
25
29
156
33
16
144
21
15
140
30
20
97
148
22
100
57
33
140
40
39
22
57
31
22
46
40
51
22
16
43
32
25
119
25
24
131
70
40
132
55
23
103
36
23
126
17
30
42
44
105
43
49
144
30
21
48
48
34
135
33
29
34
91
53
25
33
69
17
20
142
34
32
42
118
45
21
82
95
30
55
147
22
21
97
23
46
38
117
20
25
59
46
36
53
118
35
25
34
28
27
50
109
37
107
24
139
65
19
30
53
64
20
127
34
22
136
26
20
29
149
35
62
104
25
22
64
126
21
61
30
21
57
41
98
42
27
20
18
45
49
118
45
56
40
137
25
19
43
43
30
27
131
44
29
26
75
23
30
25
99
91
22
38
109
68
52
18
100
34
22
110
59
47
138
27
51
22
39
44
24
107
44
18
43
165
46
17
127
61
29
37
81
25
32
167
24
27
45
50
23
14
135
36
17
133
22
52
37
137
30
18
45
82
17
35
147
28
17
29
28
20
67
55
92
31
29
21
108
37
27
33
44
30
42
40
96
44
26
27
117
26
38
42
43
50
29
108
31
30
41
20
29
56
39
48
36
35
21
50
23
21
31
46
18
25
55
29
24
68
29
32
46
39
34
25
43
38
20
48
50
25
46
46
65
57
37
29
39
29
31
26
33
20
45
31
28
83
44
30
57
71
20
64
78
25
23
70
28
19
63
31
31
55
30
47
25
38
60
40
22
51
62
50
54
22
27
92
78
108
91
33
93
23
49
69
23
73
42
18
17
48
22
29
26
29
53
21
27
94
33
20
47
48
23
55
33
17
42
20
19
65
62
15
40
27
41
27
24
21
26
39
27
58
29
43
30
59
20
65
56
74
37
64
61
68
57
73
79
51
34
101
49
47
55
87
77
64
68
135
63
60
67
61
38
99
145
80
118
54
70
117
37
56
88
39
86
35
16
43
30
49
17
113
44
32
23
112
38
20
31
18
39
30
44
83
62
20
20
64
74
28
19
34
76
20
27
84
30
53
21
91
18
17
53
71
21
29
124
24
29
25
45
41
36
31
39
20
28
84
73
26
20
28
50
24
88
56
18
20
30
59
22
19
71
47
17
28
116
17
23
27
117
26
23
112
24
35
37
26
49
58
105
22
80
48
31
24
24
101
27
33
122
19
96
37
81
46
37
27
65
29
35
65
32
70
79
17
110
77
44
108
37
29
46
23
22
60
18
77
201
22
26
48
39
33
23
36
25
37
28
46
21
35
90
39
26
35
21
37
66
42
26
37
56
27
75
30
30
98
24
28
162
18
96
59
20
45
136
66
21
54
100
37
19
97
33
28
113
40
91
36
30
46
38
18
30
22
88
49
35
112
33
50
98
22
23
87
50
84
123
18
24
32
19
68
31
21
21
63
21
27
46
65
40
135
17
88
60
61
56
22
111
35
93
41
29
133
18
28
73
19
61
41
23
87
26
82
36
44
34
24
36
40
69
43
60
45
18
100
26
29
24
54
123
20
134
27
52
23
46
36
25
74
22
50
38
24
47
18
88
22
21
44
25
20
90
20
61
103
26
19
27
43
18
25
28
20
92
60
31
43
39
103
20
18
84
21
23
75
43
97
20
26
88
18
25
109
36
21
25
80
16
86
36
28
43
82
96
23
88
21
31
40
128
25
39
39
60
23
48
27
22
35
33
27
52
20
42
52
44
19
62
50
31
28
30
50
20
65
21
26
70
27
88
19
15
49
24
16
55
34
24
29
32
88
29
27
73
30
36
29
51
30
22
85
39
49
21
72
28
21
34
19
32
26
74
45
49
47
78
92
58
40
71
49
19
19
28
36
66
65
20
47
72
29
26
35
44
75
24
68
42
24
22
27
34
37
23
61
50
54
20
51
80
18
16
33
24
19
35
66
18
48
37
52
47
79
27
51
37
42
56
29
22
36
39
22
30
34
45
64
32
22
40
60
22
40
28
42
43
27
64
34
24
32
21
40
55
17
39
59
22
29
32
19
42
24
18
62
32
36
38
53
30
71
19
81
63
16
101
45
37
63
42
20
65
41
23
59
82
95
71
89
58
76
41
79
67
78
68
92
67
92
291
78
149
64
48
116
79
71
86
72
65
55
143
76
72
76
77
57
87
167
72
66
103
94
147
39
29
75
69
70
22
94
83
81
100
90
109
62
112
62
100
88
82
75
32
108
37
50
27
20
42
63
22
21
18
54
37
24
27
18
28
29
44
25
17
28
80
57
25
86
29
95
64
18
21
27
28
21
20
41
98
29
22
45
76
76
18
83
19
78
21
39
34
112
51
24
36
43
40
53
26
20
56
36
38
29
28
47
36
23
48
26
21
44
38
27
50
38
30
58
26
126
23
42
51
21
102
61
48
36
39
62
27
58
40
41
26
26
69
46
18
49
27
38
26
34
20
71
79
17
31
75
19
17
116
45
24
100
52
20
55
42
42
38
23
24
24
24
28
28
18
29
51
23
33
23
50
59
28
77
39
71
25
33
18
72
21
18
65
34
28
23
65
49
28
77
29
17
91
44
29
33
25
38
18
46
28
18
20
64
21
54
34
64
20
69
45
21
62
84
29
24
88
40
20
55
63
18
70
46
18
75
38
25
49
33
31
45
23
21
20
99
38
18
36
23
43
24
98
26
42
18
94
26
82
28
23
59
19
32
25
36
22
81
82
72
32
28
39
28
21
57
22
23
24
38
53
35
49
36
49
42
23
36
32
35
21
19
34
36
35
44
19
16
41
25
23
27
36
36
22
45
66
102
20
27
27
33
21
27
31
18
25
52
22
29
33
65
24
25
40
32
42
95
31
22
25
21
27
31
87
20
28
28
32
31
30
26
31
21
90
46
30
31
28
19
40
28
32
24
24
22
26
33
34
23
26
20
24
43
22
23
22
79
24
43
37
34
27
32
24
46
155
39
21
28
22
33
32
48
23
28
24
73
25
36
22
41
39
70
19
33
34
27
26
34
29
31
65
28
29
49
34
20
20
34
44
29
24
31
66
25
21
38
50
27
21
32
36
27
31
21
30
36
21
51
28
24
30
30
24
57
46
23
29
24
43
25
22
49
29
87
20
54
36
33
29
35
43
43
22
25
40
35
41
27
40
29
26
63
22
26
56
20
46
31
45
20
29
39
22
26
56
79
30
23
35
77
19
21
60
24
35
25
39
23
43
26
43
23
28
35
31
44
58
28
21
38
27
229
37
37
17
194
86
47
30
42
41
37
50
33
14
37
35
18
70
71
18
47
43
24
106
23
38
33
40
44
50
25
506
36
43
20
26
22
25
39
51
23
40
463
20
40
32
20
80
35
18
48
22
78
40
31
33
29
88
26
26
292
36
68
45
50
59
84
47
37
66
58
64
40
49
25
50
32
25
80
33
37
23
121
33
34
78
38
34
67
45
30
37
38
24
31
50
26
39
28
27
53
47
20
21
119
30
63
28
49
48
30
67
27
34
35
38
34
18
68
129
21
41
88
21
62
292
21
29
177
18
36
47
23
50
40
56
44
27
18
46
21
32
52
23
32
71
24
25
68
47
48
47
37
19
34
47
17
72
54
18
48
91
17
24
33
20
21
33
23
41
26
42
19
31
57
35
19
48
46
22
120
41
38
31
25
32
53
21
17
84
20
28
20
20
57
22
61
56
21
85
34
27
24
32
60
62
21
31
63
40
33
23
28
25
33
35
92
17
52
23
34
18
48
102
22
33
39
18
49
120
21
35
59
29
93
64
20
68
63
18
27
41
21
84
47
24
27
49
23
28
50
19
106
32
30
72
55
33
67
18
18
88
63
22
40
62
26
85
60
33
25
22
18
38
31
46
36
44
30
33
20
80
61
27
105
25
45
34
21
66
65
39
60
37
19
38
48
24
67
69
23
45
31
49
24
65
16
42
141
22
23
76
19
27
126
38
19
65
17
38
65
87
47
54
99
24
27
73
47
48
41
86
21
53
40
83
77
31
25
57
40
22
100
35
35
83
55
31
60
53
30
68
56
43
78
63
44
68
18
70
61
45
44
87
25
33
65
24
22
67
52
41
28
78
21
25
80
21
56
54
19
51
21
30
50
76
21
29
47
34
23
24
37
19
51
83
25
38
19
37
49
65
51
20
22
46
37
40
96
34
18
23
60
20
40
24
22
46
21
33
87
22
26
42
60
25
22
20
289
24
25
19
36
25
23
39
28
61
43
20
54
18
22
16
46
28
22
32
27
25
20
45
26
31
31
50
62
23
23
45
23
21
20
57
22
22
26
68
21
28
25
24
20
22
43
27
19
84
36
39
44
51
51
18
58
86
28
23
99
40
36
96
37
51
30
19
114
19
26
46
67
30
29
23
29
51
22
43
55
17
43
113
21
52
32
81
35
20
43
69
20
19
50
18
14
85
18
20
40
34
21
45
29
20
58
22
19
63
17
19
31
24
17
19
55
19
32
18
54
89
21
19
40
21
18
24
92
23
37
27
22
48
20
75
28
26
72
85
25
41
19
16
103
18
51
42
33
18
49
36
33
19
39
62
27
17
62
80
18
18
130
42
34
99
19
41
49
25
95
27
66
60
20
31
20
20
32
62
48
18
52
22
29
67
19
61
33
22
59
49
27
93
21
39
35
23
34
40
80
19
41
46
24
67
26
19
23
34
32
51
86
18
34
18
76
17
44
49
30
32
41
41
22
26
61
41
52
24
42
44
48
27
42
20
128
28
87
71
59
65
65
42
62
44
37
33
42
37
27
21
83
49
89
28
57
37
60
61
26
72
23
44
40
46
85
30
70
23
36
36
37
49
20
72
43
28
52
23
17
29
47
21
134
49
96
62
38
69
30
46
37
42
65
41
27
93
34
50
22
92
41
21
62
23
27
60
44
37
23
56
69
20
66
28
22
64
25
50
25
60
20
54
53
20
30
121
34
23
73
31
21
64
39
26
77
33
43
47
63
36
42
69
44
32
84
76
39
35
66
41
51
51
50
20
32
44
24
35
38
72
66
19
95
46
18
35
31
18
78
48
76
21
84
46
20
55
48
51
107
99
21
102
30
66
41
22
45
23
48
103
21
109
42
33
109
31
85
37
42
51
19
39
40
52
41
74
56
42
92
47
60
39
39
73
18
56
73
40
51
98
41
28
86
54
19
57
78
45
23
70
75
19
27
83
41
57
34
26
26
45
39
23
41
91
34
48
56
33
64
39
39
21
61
31
23
65
47
41
19
50
60
41
65
25
44
27
42
47
41
23
77
59
33
72
27
54
28
30
65
69
35
67
23
120
41
59
20
46
87
69
25
64
61
56
18
41
55
40
102
51
37
43
64
20
62
26
54
54
27
39
65
79
19
156
76
46
38
48
19
73
20
92
47
42
24
88
64
31
23
83
20
51
24
49
52
19
34
55
25
46
30
53
44
35
52
56
51
75
35
42
60
32
35
91
24
24
74
28
43
99
34
78
42
47
66
53
65
20
60
37
38
41
40
50
65
68
40
44
71
25
20
80
72
53
156
59
35
113
51
36
50
99
39
199
85
20
23
87
18
37
194
84
114
80
34
49
28
77
51
51
72
51
41
39
72
52
104
76
79
52
28
33
74
63
24
23
53
81
53
26
61
56
17
81
51
17
86
59
51
69
83
54
54
54
64
32
59
99
32
29
58
45
52
59
111
22
22
117
81
27
48
24
66
50
68
67
48
119
42
57
53
45
77
99
24
70
71
76
41
53
77
33
108
73
54
72
47
26
83
46
19
56
88
23
45
67
20
30
74
105
63
63
29
56
117
55
67
105
61
61
21
58
94
46
61
24
59
40
56
136
104
32
60
25
294
150
51
87
108
44
112
89
57
48
47
103
24
77
129
57
58
49
66
86
76
69
76
84
68
22
33
55
24
52
67
39
57
57
48
66
45
54
19
77
50
38
22
123
48
65
48
57
41
31
47
55
73
22
82
77
38
47
68
92
36
70
127
44
78
137
21
75
117
34
31
22
25
199
28
26
32
49
35
49
78
70
34
92
19
102
206
25
52
55
89
74
35
29
120
49
33
127
31
89
33
31
61
40
53
51
47
24
55
53
21
64
111
19
46
80
52
40
101
38
46
32
76
34
26
103
30
58
78
33
31
74
54
25
25
318
19
24
101
22
30
39
18
29
82
50
23
74
99
21
38
125
16
71
35
21
31
20
24
36
71
90
43
37
105
46
26
91
40
52
50
89
58
122
57
41
42
25
23
56
30
44
40
56
39
35
51
54
56
18
106
40
15
113
43
54
94
39
31
100
59
62
113
67
52
79
97
19
66
85
81
25
42
69
23
41
24
22
50
78
51
66
84
61
27
21
55
22
71
26
25
98
115
34
48
99
47
62
63
24
30
54
24
28
79
50
98
22
54
101
49
42
74
58
35
83
66
44
43
51
64
33
38
107
38
49
91
43
51
75
30
47
103
26
61
29
21
38
55
43
59
29
22
78
35
31
30
19
54
43
64
79
75
24
19
117
60
23
48
114
63
39
45
66
39
87
22
20
46
46
52
70
24
60
102
60
62
28
81
26
27
21
17
74
25
22
50
47
22
85
68
25
117
75
26
51
35
40
31
77
73
54
24
41
89
51
46
61
33
64
20
56
51
28
40
46
67
33
70
52
23
64
100
26
42
42
40
42
68
21
62
31
56
77
73
74
31
67
36
55
36
38
29
50
33
31
42
76
78
48
51
84
63
48
43
97
56
24
47
35
31
50
31
83
24
56
37
72
25
33
58
120
38
33
58
39
23
45
121
63
31
105
35
23
61
28
53
61
62
56
91
95
49
63
110
69
53
59
75
77
34
47
47
23
66
104
97
39
71
31
54
26
29
78
80
41
35
49
78
40
44
37
40
38
43
55
54
31
36
27
32
48
82
27
71
49
94
51
54
63
31
49
72
42
62
84
48
35
80
60
38
65
30
20
23
116
21
39
30
87
91
72
46
30
44
47
54
43
44
31
28
84
72
54
22
61
75
49
40
30
19
71
42
27
45
21
26
60
57
70
21
74
33
46
55
24
22
50
48
18
33
47
42
49
85
56
35
138
66
36
105
25
52
121
51
23
73
42
33
24
36
69
36
31
35
23
25
40
69
56
23
111
38
55
89
22
50
73
39
38
94
74
20
57
46
45
32
35
87
18
56
61
28
59
27
49
37
73
36
20
82
33
32
25
20
48
50
29
97
30
49
86
30
50
61
20
46
51
20
77
30
35
56
27
49
39
26
29
60
35
81
35
40
36
78
39
29
88
21
27
38
22
36
89
44
18
91
26
28
129
31
27
88
45
19
110
43
26
86
37
43
68
43
45
42
27
43
37
29
38
43
38
76
24
46
45
21
37
69
25
40
29
50
38
32
74
64
48
85
37
41
24
41
22
45
50
62
52
61
29
55
36
56
35
44
77
75
19
74
84
19
73
24
19
105
67
17
89
58
22
65
46
41
30
41
29
32
59
25
19
24
88
26
33
55
67
19
51
30
58
65
81
19
52
46
22
59
35
34
39
29
37
27
56
22
19
61
24
25
27
31
54
90
54
31
42
24
25
99
57
24
113
26
18
103
22
18
51
24
22
28
67
44
26
92
25
20
49
89
20
106
21
22
112
26
57
74
25
36
88
69
18
69
19
86
32
18
68
45
24
117
37
77
27
60
33
54
26
78
63
33
54
33
18
81
41
59
46
26
120
24
30
83
24
23
82
28
49
37
56
48
50
79
39
35
31
61
38
67
24
29
87
56
25
95
61
43
55
51
58
78
27
58
27
72
49
39
87
67
41
91
19
26
110
54
48
68
25
36
88
40
25
50
34
23
92
55
87
32
58
48
83
22
66
23
27
36
33
59
56
65
27
61
94
42
46
37
63
20
39
58
24
31
44
21
42
60
18
45
51
30
39
47
33
33
20
50
45
89
36
77
73
68
30
64
26
19
55
84
23
31
99
21
46
36
44
80
24
32
39
53
31
28
55
28
31
62
27
21
1493
110
34
21
52
68
23
49
126
38
31
32
99
43
26
54
26
26
17
54
23
18
48
29
25
21
225
26
29
79
32
24
101
45
28
55
25
20
94
40
32
43
44
33
42
50
22
82
44
24
52
78
79
40
33
67
21
51
74
20
42
73
19
44
49
21
23
81
22
27
89
24
38
51
25
30
78
91
40
27
65
19
50
45
19
22
74
34
79
36
36
54
26
35
28
36
21
22
60
26
32
29
30
71
17
83
37
31
42
54
183
27
62
97
43
33
27
34
66
59
23
26
63
71
27
71
38
24
92
57
25
131
30
21
28
54
18
25
111
20
36
99
19
24
114
32
18
86
26
18
76
116
30
50
50
43
59
55
17
66
53
29
24
42
56
33
23
22
115
53
25
60
34
76
38
22
72
68
21
39
144
25
21
27
89
20
22
91
49
82
33
24
47
26
58
72
57
25
34
42
51
40
92
44
18
35
53
57
38
33
28
418
65
60
16
44
48
47
48
33
33
56
42
24
19
34
33
43
16
67
49
32
19
116
32
21
22
119
52
17
34
97
19
30
70
35
21
21
47
80
27
22
100
31
65
35
529
78
21
68
68
18
21
70
49
57
78
23
64
47
87
34
50
45
41
48
63
76
51
86
18
110
22
22
20
80
61
49
71
36
85
20
109
56
62
31
75
63
46
31
20
75
20
56
87
19
22
52
34
44
63
19
63
35
52
23
77
45
46
35
105
63
43
20
59
43
21
74
72
25
137
45
22
48
52
21
116
20
37
73
28
26
109
20
66
124
22
34
87
25
40
173
37
61
54
28
30
50
16
34
51
32
26
83
39
22
81
33
20
78
52
32
65
41
39
53
22
84
61
26
29
110
49
66
108
27
24
93
102
58
31
61
133
92
21
37
77
35
166
132
58
37
39
26
39
108
34
50
85
78
33
62
34
129
32
41
54
100
36
82
26
50
39
75
79
94
19
72
83
49
88
29
63
43
28
80
33
21
23
33
34
26
87
32
22
27
38
42
37
76
69
78
35
24
55
71
21
34
94
34
31
80
32
40
33
56
53
28
90
78
20
101
24
58
27
56
63
24
101
52
28
23
48
39
94
86
36
122
79
54
24
67
77
61
30
51
89
22
60
59
66
23
27
57
99
22
97
30
81
27
99
26
72
75
57
69
38
47
105
23
46
49
31
78
46
28
68
58
67
77
28
34
168
22
23
108
26
18
125
25
66
25
118
24
50
87
25
29
100
57
27
58
71
60
33
122
42
30
60
82
28
28
69
72
27
68
36
21
29
127
47
21
33
78
60
20
127
44
24
36
118
61
22
80
113
37
24
89
64
57
93
33
26
91
80
72
21
123
31
77
29
45
34
22
21
67
81
67
50
84
62
40
28
61
30
43
25
26
100
30
24
117
27
50
93
24
27
49
110
26
84
32
62
28
22
19
68
103
30
48
121
34
46
113
42
91
60
82
28
51
60
34
47
46
54
67
31
65
31
41
59
78
37
30
51
20
73
89
29
40
136
31
27
79
30
31
31
93
29
31
60
102
75
30
159
31
71
30
27
27
92
86
26
30
86
19
29
157
53
16
51
35
20
48
193
40
22
61
28
25
58
131
19
67
66
66
51
64
46
78
59
18
83
36
21
69
23
47
54
31
53
36
26
66
124
31
55
107
31
60
44
41
79
21
90
29
57
24
91
54
40
130
60
70
33
87
51
26
128
29
29
21
67
90
43
26
131
33
26
65
67
46
67
25
62
25
71
30
62
44
19
53
92
26
25
25
35
19
117
36
47
94
53
29
109
42
31
149
38
93
51
28
62
27
77
50
35
96
34
46
30
79
31
23
61
89
58
27
82
76
17
38
57
25
21
126
23
26
90
32
137
47
59
38
62
20
57
48
27
68
26
95
36
87
33
35
66
22
38
48
44
34
43
68
29
94
62
60
122
43
107
41
26
36
92
53
22
78
51
34
54
21
31
38
45
88
34
69
51
73
29
91
33
25
87
51
22
33
51
50
27
55
86
24
38
60
59
31
60
39
20
30
66
28
42
66
68
28
56
63
28
41
90
29
49
44
41
30
51
21
68
50
28
38
70
25
40
84
21
77
15
27
49
27
62
22
167
33
29
27
22
53
26
97
21
55
29
26
30
55
42
25
24
34
35
63
20
24
43
29
46
25
28
55
21
27
59
28
20
21
31
39
23
30
25
70
23
21
26
197
28
21
44
34
38
18
56
48
33
35
23
38
55
21
31
31
24
55
29
24
21
82
51
38
26
26
70
42
18
27
57
25
22
19
27
30
20
70
20
31
20
20
86
46
22
41
56
28
30
45
28
22
30
21
105
50
20
22
104
34
23
50
34
28
38
19
32
24
57
19
17
21
35
36
33
33
51
76
19
68
29
48
28
45
29
29
78
27
30
26
87
36
34
49
56
20
22
50
24
24
44
53
29
21
115
29
36
50
81
26
24
62
22
36
51
45
65
25
51
100
32
31
58
22
22
27
57
62
27
72
22
66
36
42
30
21
109
24
54
95
67
27
36
44
39
32
58
25
66
39
61
52
27
29
63
27
32
91
46
29
49
29
20
19
64
23
40
88
35
21
45
33
21
34
26
50
24
68
29
50
32
53
83
29
29
63
21
39
69
49
24
40
77
73
30
54
22
26
46
31
32
27
26
96
45
43
75
38
29
86
57
24
47
26
31
65
46
22
32
92
40
47
39
39
23
43
78
20
57
21
52
23
38
69
26
24
78
46
28
87
30
78
37
73
23
36
26
56
26
23
93
24
58
31
21
26
68
33
21
69
67
75
24
30
29
41
43
58
60
40
37
40
105
41
28
37
193
115
25
18
65
62
30
25
18
59
34
66
26
24
61
55
19
41
35
91
27
19
52
18
65
54
70
41
33
25
22
27
22
146
31
28
22
59
18
44
29
20
39
85
43
22
36
25
31
35
24
28
24
57
36
37
23
44
79
24
24
33
25
66
23
19
56
73
33
19
18
71
77
19
22
34
64
21
14
43
34
48
23
19
94
26
34
15
44
32
17
89
25
51
23
29
39
25
21
40
92
22
55
27
34
31
19
35
30
21
22
109
35
23
22
100
18
31
22
71
21
72
29
90
43
21
38
63
41
36
51
39
15
38
52
59
55
17
27
90
19
22
34
30
32
17
113
33
22
53
40
45
25
24
27
27
30
47
38
19
20
50
24
27
30
45
70
28
17
21
46
32
21
27
74
43
20
66
25
19
87
18
15
29
29
26
21
43
53
52
26
33
27
44
34
35
23
27
36
42
23
26
33
51
27
19
56
41
25
73
25
40
91
121
18
26
65
24
18
81
36
28
40
24
21
144
28
21
36
26
46
74
96
20
62
36
35
75
23
57
104
84
25
59
38
40
36
36
63
27
56
20
22
30
41
43
17
72
19
57
38
19
20
24
56
21
20
27
40
28
20
34
27
41
24
56
19
51
29
49
39
20
46
19
48
24
42
27
41
22
19
32
25
26
20
33
30
29
29
30
42
20
22
35
49
37
51
29
50
31
54
18
16
30
41
28
41
73
24
23
31
19
26
35
45
18
49
43
17
19
22
35
33
31
21
16
30
26
24
48
18
32
26
18
39
29
28
38
25
57
18
19
24
29
17
31
35
38
35
19
28
27
27
37
37
17
36
49
19
27
33
30
18
51
56
23
19
21
37
26
21
29
75
63
20
24
84
22
20
19
36
29
26
26
87
20
32
31
29
46
31
16
86
20
35
19
42
39
26
17
27
39
57
22
15
56
56
20
29
24
33
21
37
22
46
34
40
33
32
58
89
21
26
20
70
25
40
31
33
81
22
37
52
18
23
20
34
47
17
14
93
80
17
32
43
33
56
19
30
19
74
20
16
73
79
21
61
83
32
26
50
116
20
31
55
25
25
38
18
24
16
41
21
17
26
21
29
68
26
51
51
20
21
17
49
19
35
38
34
19
20
43
42
43
81
40
40
92
21
69
41
52
83
25
43
76
44
95
16
20
36
28
54
17
56
50
29
19
82
48
21
25
31
55
40
30
23
39
35
40
39
26
29
36
22
39
26
83
32
26
53
53
17
31
45
23
44
29
35
35
85
30
24
53
29
42
61
31
61
36
39
52
26
21
49
36
32
59
42
53
31
21
45
68
24
46
58
19
59
37
65
39
32
96
70
24
66
43
26
67
58
26
73
25
25
34
24
28
26
72
42
33
32
47
54
19
68
107
19
64
67
18
92
26
40
40
22
38
45
22
34
50
21
34
27
62
59
40
41
44
19
49
49
72
27
47
71
20
53
37
39
21
38
61
28
34
90
28
26
66
29
66
29
24
98
50
61
76
40
27
41
62
50
43
51
27
44
39
26
24
34
32
25
36
27
28
22
35
57
41
38
50
54
21
46
29
38
32
37
53
38
63
50
53
58
18
40
28
17
96
45
36
49
69
32
18
70
34
15
86
54
24
23
32
27
37
47
28
75
33
24
43
56
45
43
42
49
31
54
44
62
19
34
44
22
239
58
32
28
35
35
49
72
41
23
78
37
67
69
41
84
54
39
20
19
30
64
78
77
24
41
40
45
18
66
34
42
20
71
40
19
69
48
51
57
49
41
73
57
30
53
42
59
21
22
41
34
19
26
42
30
20
33
88
30
65
41
23
28
36
17
23
55
23
45
45
35
40
41
29
39
22
56
42
28
71
18
68
22
35
35
23
70
25
34
17
24
146
18
35
84
18
42
35
42
67
41
49
21
50
44
31
59
57
34
29
49
19
40
55
22
41
32
20
67
67
17
53
23
23
24
31
42
27
50
29
31
65
46
20
86
18
27
51
24
61
84
45
29
44
44
21
62
33
22
65
30
53
24
35
84
26
51
49
54
18
34
70
18
52
39
51
39
101
31
27
30
42
18
58
61
21
37
51
39
36
47
27
55
30
26
25
20
49
36
34
32
46
64
23
41
53
20
59
49
17
22
52
26
28
73
27
28
68
20
71
23
20
32
46
21
37
92
18
54
42
23
25
45
33
29
42
31
57
54
33
48
61
25
55
33
47
19
62
43
22
65
40
30
27
51
32
25
21
19
40
25
20
100
22
17
55
19
35
79
41
62
59
54
24
74
52
19
38
41
19
55
41
30
32
54
37
47
44
33
28
24
69
21
88
53
33
73
33
25
39
20
29
78
18
41
39
19
41
93
24
36
36
21
24
44
23
43
36
85
20
23
42
41
41
42
40
32
62
36
48
22
52
22
43
41
23
26
34
107
27
52
43
22
58
51
26
45
42
23
27
59
47
21
34
75
21
24
61
21
26
54
76
33
80
25
27
68
28
31
32
30
29
31
73
42
85
29
45
86
21
41
86
51
34
96
31
25
29
100
25
33
83
21
31
31
28
21
89
43
17
114
29
21
104
40
54
59
22
59
44
33
19
58
34
27
68
18
73
84
22
25
74
24
22
48
58
65
25
72
56
33
61
53
24
26
48
62
60
49
38
95
20
57
31
22
42
29
36
25
50
30
61
44
19
37
21
37
17
41
51
22
54
35
19
89
37
28
36
24
24
37
23
62
58
20
21
37
19
67
27
45
40
32
54
43
34
26
47
45
19
49
31
19
42
49
18
24
81
17
25
22
39
67
40
58
93
35
25
131
20
24
84
28
18
47
33
23
31
19
33
55
15
57
28
19
25
55
40
17
31
28
19
108
61
