3
701
79
1675
700
111
1688
82
100
87
86
92
127
105
98
197
120
104
101
135
94
77
151
106
144
107
111
113
145
121
1696
2662
2676
1699
101
123
1669
138
116
149
115
136
152
122
130
127
138
138
185
84
91
124
142
166
100
90
98
135
87
110
95
123
154
94
77
86
97
93
105
120
83
141
140
120
122
145
81
137
135
118
79
133
95
133
75
1531
531
1228
96
83
78
83
1122
139
98
138
89
86
155
100
83
99
78
123
103
101
94
84
76
81
141
84
97
104
83
85
660
109
80
80
74
73
98
93
77
100
72
106
82
126
113
81
78
86
85
660
81
72
89
84
81
87
83
107
91
96
134
86
83
84
104
79
87
75
110
77
72
90
77
127
85
70
87
95
80
83
92
74
84
194
78
103
87
99
72
79
91
129
93
77
75
1662
78
85
80
74
79
126
78
76
83
663
132
87
77
111
79
67
82
77
70
75
119
130
72
96
102
79
94
96
104
86
86
88
94
150
71
79
102
109
80
96
85
83
76
72
126
81
85
93
138
138
95
687
109
751
87
114
106
88
86
92
97
108
112
204
116
132
75
86
92
113
96
83
94
112
88
94
82
82
106
83
91
80
93
106
81
139
77
92
107
79
83
80
87
586
100
98
79
82
96
91
78
1287
81
109
78
76
97
81
86
86
85
86
92
109
105
107
81
91
79
80
90
101
80
135
84
85
124
81
73
93
83
78
121
79
105
88
165
84
100
75
75
110
90
73
109
90
83
83
91
2643
94
87
90
80
119
91
92
74
99
167
86
157
76
77
99
92
89
104
161
90
81
108
75
83
85
97
82
119
78
73
75
91
94
81
83
100
74
71
91
103
83
83
74
123
75
81
76
123
78
74
97
74
81
135
109
76
76
113
109
77
74
79
93
102
71
73
107
82
75
91
74
96
104
84
72
130
120
79
80
77
73
80
77
95
80
88
94
88
73
76
81
100
81
73
104
79
83
92
106
79
86
85
94
82
84
95
81
98
127
83
104
99
72
89
71
128
229
83
90
85
156
87
77
97
355
94
91
86
80
80
80
74
100
80
75
87
90
94
106
85
74
85
98
77
116
76
73
74
118
104
99
97
97
100
87
99
95
81
84
92
106
83
73
107
77
108
74
84
78
79
87
86
90
86
84
111
78
108
85
77
75
112
81
89
119
78
75
102
88
78
102
87
112
73
79
83
101
124
86
90
78
76
85
87
96
95
77
102
80
95
80
86
77
81
74
124
79
81
110
78
74
131
88
78
80
113
75
78
79
75
131
81
85
99
88
85
88
86
75
104
81
79
103
78
111
110
79
92
88
76
81
79
119
139
87
81
74
80
79
90
83
98
112
99
74
78
79
74
90
86
122
74
82
80
72
75
79
120
90
78
85
93
92
75
89
91
77
79
98
91
81
100
78
83
84
98
87
104
75
123
122
88
121
82
96
90
74
86
89
83
84
88
112
89
70
80
144
101
90
91
87
74
74
96
133
80
78
79
130
89
130
74
76
91
80
81
105
82
80
81
81
81
106
126
97
142
74
123
81
83
75
93
124
75
390
84
91
91
104
128
76
84
111
81
97
79
84
79
91
88
87
76
79
125
85
77
76
76
78
80
90
124
95
84
135
75
95
90
120
79
76
89
110
79
94
101
97
104
77
84
111
89
108
94
80
104
100
120
87
125
84
76
108
135
117
83
93
118
80
85
92
101
113
133
82
73
95
87
94
86
99
76
87
81
76
86
81
78
102
82
77
91
75
86
98
86
75
92
114
79
78
90
103
97
77
81
88
101
96
83
108
105
81
78
90
115
85
114
87
80
92
131
86
91
82
76
117
91
78
82
90
103
117
77
93
88
105
85
80
78
82
81
81
78
74
101
98
83
78
92
92
96
115
99
91
102
103
2059
84
92
326
84
81
84
97
80
83
105
79
99
119
99
109
77
87
103
175
90
79
76
88
103
76
130
84
74
87
81
103
104
93
89
80
129
86
90
85
100
80
81
87
131
74
117
125
108
80
79
134
85
77
75
82
107
87
98
80
80
82
136
79
81
99
119
78
97
139
110
97
115
117
99
137
94
111
83
83
88
105
93
80
82
88
78
106
79
83
91
121
79
93
74
86
106
86
85
86
93
95
92
86
73
100
82
80
88
71
90
88
80
81
122
95
87
527
84
75
83
82
73
90
79
84
97
87
81
95
76
113
74
72
107
76
106
73
83
78
81
74
76
76
103
79
72
82
110
1865
81
72
89
80
94
75
92
80
73
152
88
75
75
83
73
82
107
76
76
81
79
75
94
77
82
96
74
96
84
95
86
81
91
82
96
81
78
79
83
82
77
75
75
96
76
100
98
73
77
114
80
74
89
121
108
76
81
95
101
104
102
78
84
101
103
84
73
98
107
85
80
75
98
82
77
144
76
79
97
130
109
78
81
92
76
88
96
71
76
84
72
82
77
75
80
128
76
91
110
82
75
113
78
86
80
93
104
76
107
80
79
81
98
94
88
73
87
85
75
84
74
112
94
81
95
82
83
108
91
75
117
73
94
112
85
83
83
89
100
95
652
99
79
71
76
93
78
71
97
82
94
96
76
76
85
111
75
75
74
83
94
88
77
77
104
139
75
95
95
80
83
79
95
77
82
99
88
98
82
80
92
78
73
84
83
92
77
81
85
88
82
83
78
96
84
79
80
104
85
80
97
107
88
98
83
77
80
76
85
116
98
96
84
76
111
83
75
81
96
78
84
75
76
77
86
78
131
111
105
78
81
74
128
76
169
77
81
87
91
78
106
97
94
86
76
116
118
81
78
77
97
72
74
109
86
74
98
79
86
90
79
76
74
134
79
71
67
67
73
83
91
85
101
113
80
86
81
102
75
666
103
88
88
90
97
90
114
96
99
88
76
97
88
113
103
99
121
101
76
89
109
147
83
80
77
147
94
88
95
81
82
86
81
84
110
80
86
87
135
86
88
87
80
75
120
99
76
81
98
111
94
101
124
72
93
79
121
73
90
85
86
90
104
89
108
92
79
88
87
80
104
76
82
99
143
84
89
76
101
108
78
75
101
85
80
76
73
90
96
74
93
96
78
78
110
75
91
132
127
80
75
91
82
76
83
97
91
79
89
93
85
81
100
88
79
86
95
91
85
77
154
95
85
74
78
95
128
91
80
109
88
83
78
75
109
102
153
74
79
87
143
74
81
105
73
75
77
93
85
108
77
76
105
177
83
76
86
96
80
99
157
121
104
141
87
82
85
112
117
91
96
678
77
96
92
105
89
80
137
90
78
77
89
109
78
97
109
112
79
127
82
89
110
105
139
82
101
115
105
91
79
88
87
85
80
93
87
86
113
87
134
79
91
92
82
77
86
89
103
77
97
94
96
88
77
86
89
104
134
79
127
90
80
148
79
79
85
95
84
79
115
74
88
113
78
78
83
91
82
82
125
101
76
84
94
105
85
80
124
87
118
78
79
101
89
92
81
79
77
113
101
97
75
86
94
117
102
76
107
100
116
78
88
87
83
102
95
85
91
102
92
93
104
105
79
88
90
82
109
95
87
127
84
78
78
85
94
82
97
129
75
76
91
77
91
86
89
74
108
76
89
102
272
86
83
80
102
1484
78
84
78
83
81
101
103
76
89
97
77
85
133
77
123
105
88
121
106
78
104
94
114
118
87
78
98
104
81
91
110
80
101
76
84
91
84
81
99
77
89
106
117
125
87
158
103
139
138
95
84
92
139
119
115
121
120
105
110
168
84
114
132
176
106
133
144
129
95
113
160
117
100
82
98
118
106
110
153
78
81
76
107
98
90
85
131
95
94
128
79
76
106
79
83
93
95
98
102
78
87
84
83
107
83
99
125
87
88
85
110
97
95
116
79
98
113
80
102
78
79
116
79
124
118
78
83
109
97
85
109
82
125
80
117
112
84
104
114
105
107
97
92
75
107
89
140
87
94
155
104
82
92
135
76
77
130
128
159
73
74
93
87
111
94
95
76
75
97
80
81
98
76
78
144
95
138
76
137
88
111
92
79
75
79
90
80
76
111
127
79
97
76
156
95
99
129
87
108
75
81
93
76
126
74
100
81
79
93
76
87
82
76
77
74
112
77
94
77
82
129
90
79
78
82
94
91
85
104
74
89
100
87
103
83
108
91
98
77
80
90
98
89
78
76
83
105
89
78
158
87
122
126
89
88
86
125
80
79
98
88
102
81
87
93
85
150
79
126
80
108
83
117
93
83
96
171
91
83
136
100
89
79
98
76
118
89
83
162
92
79
85
92
77
128
101
89
79
152
80
126
86
79
126
85
82
81
96
77
122
109
86
100
126
91
98
82
124
86
96
88
81
137
516
93
87
98
86
89
119
75
78
104
86
79
114
95
78
81
86
85
90
96
83
93
77
90
76
83
98
97
79
2640
95
82
89
83
99
115
82
86
106
78
83
108
77
76
94
81
103
76
82
109
86
104
101
97
133
79
95
105
84
87
75
75
118
90
78
85
95
88
86
92
77
79
80
78
100
78
76
110
122
86
94
81
85
91
113
75
80
78
107
84
73
89
88
102
80
80
101
77
83
87
79
74
130
77
95
78
93
76
86
75
109
91
99
77
90
79
80
78
109
76
77
97
1081
89
79
76
80
80
136
94
97
73
84
94
102
72
75
106
100
79
85
82
123
75
76
90
112
74
81
122
88
73
85
93
85
2650
83
82
78
78
103
97
76
77
104
78
92
74
90
118
91
75
129
88
94
85
79
78
88
89
97
83
79
79
84
77
118
88
115
97
75
81
75
86
74
79
77
76
84
74
74
84
97
119
82
95
89
79
112
103
77
100
97
85
102
99
74
103
95
80
113
95
75
103
116
84
122
79
110
119
100
77
87
120
83
103
77
83
109
141
82
77
91
197
77
106
94
99
99
78
76
91
84
114
77
80
137
107
78
101
90
77
80
133
77
96
128
108
91
76
96
89
109
77
79
74
81
74
89
109
124
96
86
89
79
88
129
78
78
106
89
87
80
79
89
99
109
75
85
104
92
93
73
70
75
94
84
84
1725
94
77
76
105
77
79
78
92
74
79
79
83
97
93
84
84
70
97
122
75
146
79
80
73
86
112
73
92
91
81
137
2651
79
78
77
103
74
74
102
79
82
82
110
90
80
77
77
71
150
78
91
75
97
76
77
137
88
113
82
79
90
83
80
79
85
90
86
126
103
89
74
91
82
84
107
123
87
73
81
78
76
79
79
94
86
141
75
102
78
80
94
79
83
120
118
80
82
75
86
74
89
78
96
81
88
139
75
74
79
86
74
78
137
115
109
75
78
104
76
89
76
88
127
93
173
77
125
88
149
78
79
91
76
161
96
90
73
102
131
81
79
82
85
99
104
80
103
90
90
88
636
95
78
2655
502
84
91
84
83
81
88
136
76
95
110
85
89
96
121
77
84
84
77
74
101
86
103
80
85
78
142
88
76
92
88
83
2662
89
98
125
87
117
84
88
104
77
103
81
89
84
101
98
104
73
98
124
81
89
107
118
90
87
75
74
91
82
80
101
95
648
90
361
90
75
96
93
119
117
78
91
109
77
90
99
78
97
90
79
101
81
105
83
91
122
97
86
91
2654
646
83
84
85
80
119
116
79
154
76
93
105
81
91
131
75
90
82
81
110
80
78
130
77
97
116
75
83
73
75
93
87
77
79
110
104
131
81
75
93
75
128
74
85
84
117
80
85
87
123
78
93
89
80
84
78
131
79
94
135
80
76
82
79
132
80
2639
1226
90
81
87
91
88
92
158
74
76
98
77
113
85
72
76
77
83
110
74
86
101
79
85
84
83
141
77
84
82
76
678
83
605
76
80
81
78
94
127
78
88
90
75
99
79
88
95
78
123
86
101
99
73
84
103
88
75
74
82
110
2644
83
124
83
72
146
94
91
106
78
77
74
80
83
125
98
84
157
85
79
80
76
76
152
85
73
70
74
82
155
74
75
102
83
108
149
1680
94
94
173
113
82
94
148
81
81
105
73
81
149
82
73
76
210
95
80
86
115
81
133
102
73
125
79
91
95
77
673
79
172
74
109
91
94
121
92
74
75
84
74
112
79
139
74
145
99
75
107
109
77
72
77
77
131
126
143
84
81
77
79
155
101
88
78
120
101
75
122
82
78
104
134
160
89
164
75
71
89
174
81
69
73
76
87
70
98
73
81
160
1772
78
70
118
71
84
83
72
103
84
70
73
73
75
76
123
75
69
110
100
112
115
79
81
83
88
74
71
72
104
95
90
154
86
76
71
71
95
71
68
128
102
73
80
90
75
76
74
2638
63
84
84
111
67
65
102
84
72
81
80
124
109
79
106
106
3416
79
115
72
78
71
125
79
82
74
71
83
67
63
72
77
74
79
70
124
68
87
68
89
71
69
97
89
70
69
81
67
3949
68
130
71
72
67
124
76
102
139
73
71
108
86
68
98
88
135
85
85
71
77
67
75
69
72
81
81
72
113
78
95
1947
131
110
115
78
71
145
79
74
80
92
82
116
73
145
102
70
75
116
130
102
73
108
71
69
85
90
87
80
105
90
78
93
74
73
93
134
89
76
68
97
154
77
78
216
106
90
122
76
146
109
80
105
82
98
86
80
98
71
85
143
96
84
79
148
87
89
83
75
299
88
80
131
74
72
88
105
79
79
73
82
115
112
72
72
124
118
134
79
115
78
147
78
270
105
80
93
108
76
79
108
128
153
76
71
91
155
89
89
80
95
72
73
73
99
97
74
191
187
74
118
186
120
76
89
200
81
69
78
141
111
807
68
121
92
104
85
88
72
85
71
126
121
68
89
87
88
111
89
129
78
72
75
141
83
77
111
75
92
83
110
125
123
100
81
97
97
1388
80
89
91
73
99
80
88
75
98
71
101
84
85
75
74
107
83
84
94
89
121
113
89
70
81
85
72
81
106
84
78
1668
79
76
79
104
89
76
86
126
78
116
105
88
76
95
92
88
77
96
79
85
118
100
81
115
75
131
76
73
72
81
69
88
112
133
96
75
81
76
112
92
124
100
71
76
106
112
84
105
83
86
129
100
78
79
76
82
81
88
86
96
106
75
76
126
77
81
91
91
79
79
80
74
96
90
88
142
75
79
104
96
123
76
117
78
72
77
74
141
89
76
93
83
130
124
105
95
95
97
78
116
80
87
119
87
82
75
111
87
111
88
77
78
132
109
73
160
97
91
102
74
195
103
126
70
93
83
90
81
103
86
86
68
99
81
92
108
97
96
106
80
123
76
74
76
76
89
74
95
117
85
82
84
76
104
79
70
72
76
80
74
70
69
82
96
94
118
82
86
75
85
119
76
86
73
124
76
87
92
74
77
76
78
85
130
94
91
93
81
82
708
107
78
76
130
78
88
87
74
77
128
81
79
75
78
75
75
84
96
77
72
87
104
80
73
115
100
108
78
1670
116
92
93
80
96
113
83
91
76
91
82
128
78
131
93
76
79
97
89
78
111
90
119
139
77
79
91
88
76
85
78
107
99
86
77
94
100
86
76
101
76
81
81
83
74
80
197
73
94
115
81
90
97
79
82
99
85
106
77
83
73
255
92
86
77
106
82
85
85
94
79
94
124
111
91
103
96
101
137
109
76
102
85
82
80
77
79
118
83
83
115
141
92
107
82
75
86
349
86
122
125
92
226
82
82
160
133
109
149
73
85
141
78
100
180
82
140
78
91
76
96
167
106
125
80
115
142
80
135
97
111
141
76
99
94
195
92
132
88
131
75
87
141
100
137
78
147
93
143
91
141
77
105
85
89
87
89
157
108
80
130
73
120
78
78
131
84
142
391
95
74
72
91
132
283
96
166
75
80
124
92
76
88
103
82
83
83
101
105
110
75
82
78
129
76
100
100
131
99
80
122
81
160
103
130
91
77
91
83
81
1685
143
137
123
88
98
97
103
109
209
82
158
108
75
86
110
159
82
111
122
173
127
169
95
95
135
83
86
110
123
98
101
83
134
82
201
74
105
89
79
100
93
114
104
100
90
139
136
89
74
119
77
88
130
136
89
97
81
109
127
108
123
77
137
91
129
83
96
90
98
89
108
128
126
85
105
84
79
82
159
91
81
86
128
122
79
81
86
81
118
85
77
131
128
82
126
100
82
87
81
172
130
88
125
106
112
132
89
114
95
82
139
100
97
82
101
102
149
77
81
727
79
93
99
76
87
119
77
75
84
179
87
80
88
160
77
83
85
83
94
138
80
84
78
89
82
75
119
103
80
80
119
90
94
117
114
112
78
80
102
121
84
83
152
81
82
111
87
156
280
153
195
231
81
92
316
74
105
129
138
92
159
85
158
109
88
91
82
140
1148
925
640
4351
520
196
71
121
93
109
75
152
83
89
115
94
86
68
104
479
123
91
107
85
89
82
82
92
78
75
98
81
97
80
74
72
85
83
77
84
78
75
81
129
76
113
74
1661
86
113
73
74
138
82
74
75
79
117
75
116
83
82
76
114
104
84
104
75
105
77
75
76
83
84
103
140
80
76
87
69
67
76
84
76
100
126
85
83
79
74
97
83
98
75
83
127
102
106
72
89
83
82
105
88
80
125
110
135
79
78
89
82
73
83
72
90
141
82
105
87
99
71
98
106
78
76
88
107
317
84
125
132
98
102
103
101
82
114
81
86
105
124
89
75
135
79
168
85
97
77
142
86
110
157
145
82
90
85
105
80
158
126
81
89
81
96
228
91
85
82
108
80
74
67
90
80
84
93
78
82
71
94
94
89
79
100
107
102
78
77
77
92
133
174
88
79
101
107
98
79
77
129
173
87
95
77
89
99
88
79
84
87
88
83
80
124
79
84
80
95
92
100
101
77
79
82
97
134
81
121
101
77
92
104
75
77
86
108
82
75
92
79
75
148
82
204
77
76
79
125
104
112
124
81
79
78
123
104
812
93
239
77
126
93
94
102
96
79
90
107
91
95
214
108
87
224
79
74
138
69
86
69
128
174
83
68
91
70
85
87
80
91
86
80
77
102
79
96
102
77
92
84
86
78
87
77
137
80
81
82
85
80
86
81
84
79
80
79
77
78
85
72
82
109
80
75
88
88
75
78
122
81
82
78
77
80
191
83
84
105
89
91
78
80
132
77
677
79
106
82
170
82
84
185
82
80
100
85
85
2663
168
80
76
77
79
91
78
161
89
90
81
84
104
83
88
79
99
119
82
197
77
74
102
102
197
85
80
76
74
98
97
113
74
82
124
77
95
85
78
86
140
91
77
73
81
179
107
98
108
122
87
101
107
650
84
71
109
106
73
81
79
146
104
105
115
76
81
118
175
99
81
83
214
107
80
80
87
85
81
90
107
77
137
180
126
86
75
74
101
87
69
210
94
82
80
103
147
130
121
82
84
115
115
78
83
81
81
84
108
71
89
74
104
105
78
93
114
149
82
194
82
83
80
97
75
102
81
183
80
77
85
83
145
77
84
185
88
91
71
208
77
83
89
145
79
121
74
162
104
125
76
82
77
165
79
174
82
90
77
98
76
77
80
82
81
303
76
88
154
77
104
222
83
80
145
91
82
82
75
94
85
113
79
90
77
78
84
99
85
191
75
81
103
78
77
149
84
81
80
123
80
80
116
169
76
76
111
120
121
83
78
83
106
79
90
103
96
80
78
82
100
126
78
79
90
113
79
84
116
171
79
75
100
84
131
74
99
75
81
89
107
74
84
85
73
82
80
84
174
89
83
81
88
126
80
79
86
90
77
114
84
111
117
74
86
97
152
116
84
83
125
101
220
85
102
86
77
89
105
134
74
79
138
75
78
85
127
75
129
90
69
98
78
86
117
73
108
73
82
85
86
101
88
171
72
122
79
83
101
78
96
72
92
86
99
130
95
205
83
97
172
93
107
149
139
78
136
89
73
79
83
91
81
80
100
181
76
92
277
84
87
133
99
158
110
93
92
136
88
89
83
81
94
82
85
79
74
78
79
90
83
96
78
73
189
106
84
78
104
82
76
211
100
77
111
118
101
79
74
76
93
159
111
103
137
75
83
79
140
145
117
124
114
96
160
81
98
78
146
151
78
111
75
175
117
88
82
92
91
87
88
106
92
77
85
252
128
88
117
75
167
91
73
655
87
173
90
77
107
91
119
76
150
72
75
77
90
74
75
80
77
122
89
93
94
115
73
264
88
84
73
78
74
183
81
108
73
76
104
169
88
71
73
154
81
78
103
85
80
678
687
67
1126
92
1115
654
669
806
930
92
252
649
71
76
68
71
71
98
66
72
109
70
69
69
68
125
78
71
79
104
78
72
78
70
68
84
78
87
70
110
79
84
76
118
99
83
88
77
81
94
89
112
76
79
149
89
84
81
141
80
89
85
88
83
84
101
81
91
92
85
79
80
83
78
85
81
668
104
92
82
85
92
83
95
88
85
78
75
78
85
87
79
79
81
83
83
1655
82
87
82
84
80
76
1079
82
77
81
88
86
81
90
78
103
130
80
91
79
92
88
86
81
107
144
77
92
83
164
86
226
162
83
162
93
84
155
124
111
135
104
135
107
71
2668
83
205
83
171
85
169
79
111
150
97
163
128
85
86
95
122
172
81
95
164
84
105
678
87
87
161
158
129
91
94
100
85
101
130
85
155
86
94
82
92
85
83
82
124
84
1664
195
70
78
118
82
84
123
75
89
185
78
74
138
79
82
124
85
89
79
128
168
91
84
168
78
162
82
118
146
83
137
84
133
128
95
86
84
86
84
147
83
155
95
82
90
99
83
80
82
157
113
72
65
80
164
89
167
84
81
92
98
72
85
84
704
77
108
106
88
95
91
85
85
79
87
77
85
211
94
80
109
108
84
74
75
67
71
696
84
118
76
171
199
158
88
122
78
74
95
121
82
78
106
95
81
77
84
86
107
233
80
105
94
99
85
74
78
70
64
79
80
91
108
78
81
122
138
75
123
86
185
79
89
125
85
77
151
75
78
159
98
74
135
75
83
88
109
82
89
159
75
64
102
77
98
86
76
90
218
75
77
89
75
170
91
80
144
89
98
101
80
295
83
70
135
91
74
200
76
95
87
122
101
127
90
85
79
141
76
135
105
115
136
82
83
102
79
98
84
84
76
140
91
119
87
80
73
106
127
77
125
94
87
107
75
74
80
86
77
76
73
84
99
84
99
85
74
81
126
101
86
100
81
78
82
116
75
154
89
72
86
166
84
85
142
175
82
80
152
92
84
150
78
72
96
76
680
77
75
159
87
75
127
86
89
131
92
76
78
72
78
89
100
82
87
122
86
108
96
89
77
90
83
79
147
83
98
78
79
97
71
72
90
80
107
162
84
89
74
161
76
114
193
82
73
79
91
101
82
83
72
99
80
135
128
86
75
95
92
89
109
98
155
83
102
148
77
75
105
85
90
110
77
149
92
83
148
216
74
90
133
97
90
101
103
176
81
79
97
70
88
133
76
80
95
91
111
84
85
83
97
109
98
130
105
136
74
84
96
85
76
222
89
74
84
106
85
88
76
87
256
82
73
83
88
160
147
82
107
156
89
79
74
116
83
93
154
111
109
100
159
110
78
160
73
141
74
78
162
95
186
85
74
119
138
80
115
83
71
76
74
88
94
192
96
100
145
112
96
73
119
119
84
159
75
77
89
138
122
119
89
109
88
133
160
73
99
78
85
85
128
84
91
150
76
227
86
109
77
113
126
95
237
88
74
85
80
75
96
195
88
168
72
130
117
119
83
84
75
120
105
86
159
88
171
99
114
92
91
73
113
123
101
85
133
99
81
88
132
118
98
79
76
89
108
75
77
77
170
78
98
125
88
118
95
85
182
74
125
97
90
177
82
129
72
75
112
145
82
83
69
76
108
86
78
84
175
77
125
111
76
77
102
76
73
81
116
105
91
76
137
81
72
105
94
99
86
101
94
104
75
78
90
77
79
119
82
89
153
96
90
75
83
112
77
163
111
130
103
76
82
76
80
82
158
100
116
79
77
89
77
85
165
121
107
89
76
82
80
78
118
86
90
113
156
84
82
91
120
77
79
107
107
136
78
124
172
76
135
106
109
110
87
108
85
92
75
85
78
106
160
108
88
86
80
126
81
669
2642
1010
78
74
70
107
82
80
97
76
80
109
77
76
78
87
90
80
80
100
88
83
168
76
88
80
81
77
103
88
106
82
1638
72
82
85
89
73
100
90
123
96
86
94
101
101
72
101
81
80
141
86
108
75
104
117
104
84
93
76
98
112
79
106
82
78
110
99
79
113
76
75
80
102
103
84
81
79
80
72
79
103
78
118
91
115
77
133
74
76
90
202
78
95
78
111
77
93
80
120
80
99
72
79
94
81
108
90
115
73
86
197
132
82
107
88
76
150
85
79
191
170
99
82
78
116
91
98
82
129
77
87
82
77
86
97
73
101
108
92
88
72
149
91
76
126
96
77
78
95
76
95
76
83
80
88
97
88
96
75
86
73
72
79
87
80
83
78
77
91
74
92
96
77
132
122
84
92
185
115
72
146
105
73
138
80
84
121
102
85
97
122
90
74
117
75
133
80
82
125
74
91
74
96
82
78
81
85
93
101
95
106
87
100
91
74
85
107
102
79
76
96
73
105
85
76
86
79
76
92
75
76
79
97
99
75
84
79
88
83
80
148
72
88
75
89
89
92
77
135
110
118
75
72
104
94
71
71
77
79
77
113
92
76
77
78
89
93
80
131
96
80
84
85
86
85
82
79
81
95
74
81
77
655
84
102
89
78
77
163
94
101
86
142
98
83
110
83
75
110
84
96
73
77
106
138
159
114
77
84
88
80
80
97
133
86
125
109
78
83
107
87
78
115
80
85
78
120
82
75
92
99
84
103
79
82
78
74
80
326
158
95
83
78
111
93
71
80
88
85
116
105
124
97
78
78
130
93
86
113
80
109
122
114
117
73
89
105
88
89
74
90
98
92
73
80
91
101
82
89
92
84
158
125
73
111
100
76
85
82
101
119
89
88
78
92
90
254
131
681
93
115
83
85
79
76
79
124
107
88
81
78
141
120
77
91
127
80
98
106
84
79
172
82
86
89
85
93
119
130
93
76
166
92
77
83
119
98
76
94
111
98
75
87
85
85
129
158
70
76
104
93
112
109
188
112
99
88
102
84
84
71
214
262
90
101
161
75
77
82
96
139
103
79
80
113
88
88
75
207
152
74
153
81
107
79
84
73
78
80
87
84
92
76
114
76
1487
77
79
110
76
74
76
73
84
85
76
77
90
76
77
85
160
81
73
666
78
79
103
83
79
74
101
74
121
153
73
126
84
85
76
79
85
82
178
75
82
136
107
85
74
89
74
71
71
118
75
102
69
71
82
78
70
82
86
110
78
92
75
71
81
105
107
73
79
148
75
131
76
76
77
77
102
75
84
120
76
78
117
80
149
107
91
78
87
75
76
90
133
75
113
94
74
75
77
92
90
114
83
102
83
74
154
79
75
79
120
86
116
85
78
73
87
72
78
75
80
80
296
72
81
85
76
85
177
85
96
84
78
73
88
75
87
79
93
122
93
141
75
76
79
86
83
85
79
79
164
88
76
101
72
115
82
74
76
169
87
82
79
146
79
93
76
128
83
102
83
113
82
113
84
117
75
110
110
106
89
83
145
76
91
105
85
101
79
89
78
135
77
76
91
78
76
84
86
75
88
84
73
100
79
102
76
93
82
131
98
80
74
122
79
87
81
83
88
78
80
73
151
94
78
110
75
97
91
87
88
93
79
134
102
118
77
73
113
90
84
78
78
87
97
84
81
73
99
94
96
77
119
79
91
84
162
99
74
162
78
74
108
104
98
134
75
78
139
98
80
92
78
155
78
81
78
85
77
78
118
79
80
91
79
78
78
88
73
78
91
81
108
114
111
116
90
87
92
109
82
84
76
77
89
82
134
78
87
132
79
88
87
81
81
145
81
82
154
79
73
79
169
82
162
89
72
169
86
82
161
77
82
167
77
84
75
80
79
96
86
75
174
93
181
127
75
83
125
79
70
78
87
85
78
130
77
84
77
77
79
86
74
83
93
74
76
72
84
90
171
78
93
77
84
109
211
113
138
92
78
125
88
182
94
85
104
143
81
194
119
79
177
96
117
159
100
184
90
84
94
84
84
175
80
134
165
171
131
80
105
173
127
89
187
79
82
76
90
81
141
81
159
109
131
83
91
76
99
86
76
228
75
82
115
87
77
87
79
97
94
75
96
75
102
74
75
76
94
101
87
79
87
100
81
77
78
82
103
98
86
72
78
101
86
99
91
77
81
104
86
122
84
74
91
120
81
74
78
79
86
81
83
73
81
71
87
81
75
77
72
86
97
80
75
75
81
76
76
78
76
79
78
78
76
77
74
77
85
74
84
75
94
106
82
82
77
76
88
93
81
77
80
82
76
96
76
78
84
88
77
80
82
78
78
91
77
82
73
77
80
81
103
76
84
87
76
86
78
84
74
82
74
88
94
80
75
75
79
87
78
75
89
82
74
84
78
90
72
81
80
75
75
73
86
82
75
104
77
81
78
90
78
71
75
643
82
74
92
75
87
74
78
91
74
87
88
102
78
76
98
79
103
86
1638
79
78
84
77
137
89
73
89
91
80
79
85
89
74
73
71
99
83
90
75
69
93
74
75
82
72
71
74
84
76
80
85
78
70
77
91
98
98
75
77
105
86
79
84
79
80
116
104
75
77
1881
80
80
77
81
77
86
107
80
75
74
80
111
78
84
89
77
104
82
83
75
88
87
75
79
97
100
75
86
135
108
2636
3994
659
79
77
86
88
90
88
77
80
77
91
83
109
81
75
80
80
84
81
75
127
73
79
77
76
74
76
75
101
77
76
75
98
76
76
72
74
76
77
78
86
86
76
92
88
109
90
91
78
79
75
94
80
104
102
76
93
87
81
78
78
86
79
99
80
100
110
77
74
81
98
83
85
80
80
77
82
102
77
80
80
127
75
103
77
116
79
142
75
95
88
79
86
640
104
79
75
89
83
77
76
76
78
97
75
79
73
95
78
79
74
81
83
76
76
76
86
84
81
80
77
78
89
83
77
76
92
75
80
96
89
72
87
79
90
80
76
82
75
74
79
80
72
95
78
146
78
79
72
90
76
80
72
123
86
74
77
72
86
82
103
96
89
92
78
80
78
80
97
81
86
91
97
74
91
76
79
75
85
82
81
87
79
75
110
84
74
74
82
76
114
74
96
76
75
93
77
82
97
77
75
79
77
87
80
73
78
75
90
110
77
76
77
76
99
98
75
88
77
79
80
78
123
81
81
116
113
88
78
84
82
90
75
101
94
98
78
82
94
175
77
81
87
100
80
85
93
83
80
88
80
829
123
113
82
86
112
86
78
81
97
77
80
83
79
84
83
93
83
75
81
84
82
82
89
81
84
90
104
81
77
80
99
132
100
80
81
81
83
88
90
76
88
86
92
76
85
82
87
83
74
86
82
94
96
86
80
85
85
84
93
79
76
127
81
84
87
85
92
74
105
92
101
81
94
94
131
110
97
104
107
78
78
76
91
103
82
93
82
86
79
91
77
87
75
93
77
101
88
74
92
88
80
93
96
78
92
99
79
80
78
85
112
76
84
82
80
74
81
99
79
93
90
82
77
106
76
79
94
91
97
136
95
86
83
108
120
76
95
106
87
78
93
135
80
76
89
80
82
101
81
141
92
95
92
95
92
79
90
83
86
87
100
135
79
93
90
89
102
89
75
100
102
84
76
90
76
81
91
87
79
113
104
87
80
76
81
91
106
86
77
105
85
80
75
97
76
94
92
94
77
84
80
81
100
78
80
81
105
85
109
92
78
76
104
105
79
76
79
119
85
75
88
78
89
90
90
85
76
79
81
78
78
86
97
80
93
96
84
105
98
97
89
82
110
82
84
104
81
78
79
94
77
86
111
81
83
85
89
87
75
109
83
84
84
85
103
74
77
84
103
85
97
99
98
76
82
75
105
77
108
104
81
76
126
78
80
88
81
88
99
93
89
83
77
76
81
106
82
84
83
78
96
77
96
82
78
77
97
75
93
79
79
88
96
81
135
83
92
82
113
86
80
92
86
103
85
76
100
81
102
91
81
105
122
76
91
77
77
78
82
84
78
82
94
76
80
86
89
84
84
85
76
93
77
83
97
84
79
123
77
77
96
85
93
76
82
85
76
108
87
95
94
91
82
106
74
83
84
111
83
84
96
97
77
79
83
86
81
97
101
77
91
78
102
76
78
81
125
81
78
76
94
77
88
75
111
82
75
80
79
77
87
76
77
85
157
72
85
76
93
90
83
79
104
86
87
119
76
77
76
110
98
73
83
108
89
76
139
76
106
74
90
80
83
81
87
86
82
71
82
89
79
77
111
142
83
88
75
96
94
108
75
79
109
81
80
78
88
94
78
87
84
81
80
77
82
89
75
83
82
85
84
88
79
85
92
80
78
86
100
82
77
97
78
118
85
80
108
91
74
78
82
87
76
79
77
88
87
84
85
82
92
81
80
83
88
79
84
78
78
120
83
77
83
115
165
81
76
77
126
83
83
80
85
136
88
84
77
77
76
77
95
79
84
93
88
139
82
73
75
82
82
79
75
84
84
74
82
77
101
88
109
110
84
113
76
91
90
78
95
77
78
88
78
83
81
123
80
108
79
121
124
77
82
99
77
102
77
85
137
80
74
101
75
76
89
121
74
83
84
93
78
104
79
88
98
83
77
82
97
83
145
77
80
82
85
93
83
77
139
114
86
80
98
82
84
83
115
80
81
81
90
104
79
83
83
86
99
81
81
79
82
81
80
95
104
83
83
82
85
124
75
85
80
81
103
80
89
79
77
93
87
85
78
122
85
79
79
78
76
100
107
75
84
89
83
80
79
82
76
84
104
96
95
75
99
94
87
160
87
95
87
107
88
80
86
78
75
85
88
81
101
87
159
81
81
84
80
80
78
78
158
127
77
97
79
78
98
81
75
86
126
79
114
83
105
105
82
78
121
88
85
90
79
101
173
80
100
110
100
91
78
81
102
80
176
84
84
93
76
80
104
84
87
80
80
104
85
82
98
81
78
96
109
87
122
109
107
177
86
112
76
82
91
84
95
83
141
82
77
77
127
117
88
101
105
78
94
89
78
80
91
88
81
89
93
94
83
95
90
83
109
140
102
77
80
84
79
98
75
76
84
90
119
85
79
106
92
79
96
114
121
78
89
85
76
93
83
90
81
88
88
84
77
84
84
84
100
95
88
77
97
82
95
78
85
85
81
113
97
93
88
84
80
73
89
85
83
103
88
83
85
84
77
76
92
88
79
75
83
77
131
81
81
78
81
92
124
88
81
91
124
83
76
76
86
92
117
85
81
127
83
82
82
84
82
103
81
81
85
90
74
90
81
80
82
89
130
81
74
90
87
82
75
76
77
84
79
86
141
91
76
75
84
84
85
83
115
75
76
73
79
100
83
128
79
96
79
125
74
102
78
87
75
86
103
86
74
91
107
82
81
80
79
73
80
82
96
86
94
78
76
77
150
80
85
80
98
74
79
81
85
74
80
101
77
72
73
88
93
97
81
84
94
82
76
87
76
87
81
130
77
76
85
110
91
78
94
99
80
117
75
78
85
91
83
83
78
82
84
115
83
105
82
97
86
96
81
73
89
78
88
82
74
76
76
76
82
93
80
75
76
85
75
119
79
90
94
93
94
82
78
77
91
83
73
124
88
73
80
106
79
89
92
77
75
84
78
86
101
77
84
121
76
86
83
89
83
77
95
120
75
88
89
83
80
84
81
82
114
75
84
82
101
80
162
88
74
93
92
79
82
100
74
98
79
144
74
74
78
112
97
76
88
97
85
78
77
83
80
85
77
75
86
78
76
76
89
75
79
89
80
111
77
95
76
85
87
85
84
87
117
76
101
83
89
85
76
86
88
79
87
80
87
86
75
84
82
92
74
73
113
76
73
80
83
94
75
71
79
84
75
75
77
85
88
74
73
89
76
75
78
111
75
96
77
67
83
77
77
77
97
89
89
88
196
95
82
78
1695
82
83
81
88
1602
71
79
72
83
71
67
67
72
73
69
91
81
73
74
77
90
75
84
92
72
83
74
104
103
638
74
72
135
99
646
80
81
97
78
83
87
77
77
108
74
82
115
79
97
81
79
118
83
90
77
79
75
97
75
111
80
80
82
99
78
82
81
74
84
106
75
78
79
120
78
75
81
105
73
85
79
100
79
106
75
73
94
99
102
80
659
218
80
83
78
89
105
81
80
95
84
76
2323
79
80
80
80
84
85
84
92
87
80
74
85
81
95
83
99
82
101
90
138
90
81
141
88
102
80
82
85
87
102
114
97
2648
79
659
85
117
86
90
92
82
91
114
74
80
107
73
83
86
2663
90
99
89
83
84
103
80
90
95
115
75
107
3930
73
82
138
81
94
84
1674
88
78
76
81
103
80
80
95
79
107
109
78
88
81
87
90
77
87
76
100
96
83
97
80
82
102
77
82
95
95
89
75
90
105
138
84
104
83
72
88
109
99
74
155
129
73
102
90
90
98
86
87
87
76
2653
95
101
73
82
95
84
87
79
110
72
74
89
124
110
92
83
85
74
96
76
95
695
81
108
76
84
80
137
73
78
76
655
124
77
88
87
83
78
244
79
79
77
125
86
80
78
80
126
95
87
92
84
81
80
159
76
77
85
88
81
81
92
126
89
74
104
106
77
73
109
89
114
86
81
101
81
75
1666
86
74
78
82
100
114
99
132
79
97
78
102
84
74
77
81
79
80
83
77
77
81
75
83
81
79
72
81
77
75
81
97
75
87
82
76
91
89
73
92
88
86
80
76
88
95
88
75
77
78
77
97
76
80
86
84
78
80
86
99
81
87
76
94
77
79
88
79
88
78
78
88
82
93
76
642
649
93
79
91
98
76
76
75
96
86
81
84
81
100
80
81
75
76
91
85
81
79
84
84
84
83
76
94
93
87
88
86
81
84
78
79
76
81
91
98
78
84
96
81
88
80
83
78
82
88
88
79
85
90
108
83
90
76
74
92
91
103
81
82
94
82
96
86
82
79
80
83
84
95
82
83
78
81
80
81
107
101
89
96
75
81
89
101
87
82
90
97
87
103
82
93
140
86
81
85
91
121
93
92
105
81
75
89
96
78
95
196
75
124
77
81
90
83
164
80
92
142
86
93
79
82
78
105
98
101
111
88
78
86
74
102
78
103
85
85
100
90
121
76
77
78
78
83
87
84
89
81
84
78
89
78
89
86
84
88
89
81
76
103
652
80
94
83
88
87
94
89
79
96
84
83
83
88
83
83
85
87
81
127
81
84
82
79
81
2657
77
92
75
102
92
77
70
77
85
92
73
74
92
80
69
73
78
94
72
65
72
81
76
70
69
93
75
78
66
82
87
81
72
70
76
79
68
70
73
89
77
70
74
73
74
74
72
87
74
77
82
74
119
92
80
76
87
83
79
76
73
96
85
83
73
75
84
73
102
77
78
75
92
89
72
84
81
97
77
79
85
93
113
77
72
86
108
78
80
92
98
89
80
84
89
102
88
76
76
84
74
88
87
82
96
76
74
79
78
81
83
88
77
93
82
81
99
83
110
92
86
76
99
76
101
78
81
81
94
86
90
79
84
90
78
97
72
98
89
96
90
77
86
87
84
112
97
82
84
74
128
96
78
98
79
120
88
87
78
102
140
75
82
79
75
77
77
77
85
80
75
107
74
87
79
116
89
81
90
79
74
80
81
81
78
95
417
84
83
76
82
80
74
85
82
82
87
80
98
77
85
97
79
84
83
104
79
77
74
116
82
82
673
93
87
85
118
143
89
74
83
94
80
86
153
101
644
71
79
99
77
103
78
191
78
92
93
95
660
83
95
106
151
72
73
88
76
76
82
100
96
89
77
79
84
78
90
74
82
108
80
80
152
75
76
77
100
76
76
85
78
81
92
101
80
88
104
90
72
80
80
80
85
75
85
70
74
97
79
69
88
87
112
108
77
72
78
973
89
86
79
102
81
76
84
76
95
80
78
99
88
102
92
74
74
66
79
74
73
87
81
77
82
87
128
88
82
116
87
886
72
103
77
69
80
77
87
85
87
109
75
79
71
80
94
78
74
89
73
89
79
100
76
86
74
86
76
80
96
81
80
82
82
127
91
84
75
79
78
100
75
87
72
71
74
77
79
123
83
87
92
80
78
90
93
72
87
84
75
77
85
82
72
76
85
80
84
78
74
110
75
174
81
119
82
79
115
70
72
76
79
82
77
79
120
83
79
85
74
77
69
68
80
99
105
76
159
76
83
87
75
87
75
80
80
84
76
70
72
90
120
77
92
85
84
82
81
91
77
91
87
75
98
82
90
81
106
75
76
87
79
98
105
81
90
77
75
80
80
103
77
85
101
82
74
77
80
87
74
86
85
85
73
92
89
76
83
78
80
78
88
77
82
78
102
78
78
112
76
105
73
87
84
75
80
77
78
110
75
94
74
105
93
93
73
75
78
92
80
78
109
96
76
92
97
79
76
77
107
78
90
74
77
70
77
85
74
90
90
74
80
76
78
79
81
88
75
90
82
82
88
86
82
102
93
74
97
76
73
85
84
71
79
78
83
85
76
81
75
75
75
81
123
92
87
125
88
92
95
80
93
109
74
89
119
74
90
72
80
86
80
80
108
83
75
87
107
80
82
84
79
1338
78
111
78
77
75
102
85
73
103
85
91
74
83
74
75
100
85
82
80
110
90
86
80
73
78
76
85
85
79
87
84
2546
128
76
82
78
79
76
72
83
88
79
82
97
80
83
73
84
76
79
92
91
76
111
80
115
78
79
84
77
78
75
88
78
76
96
2427
91
80
80
88
90
79
94
75
78
98
72
88
76
74
78
91
78
73
78
77
75
72
78
76
70
80
100
94
1168
75
78
73
103
72
76
87
74
77
74
107
77
71
87
75
102
78
92
147
82
72
75
112
80
78
92
75
94
80
80
86
87
2640
70
80
163
79
73
104
95
73
92
76
74
83
75
76
80
80
97
90
79
74
115
95
73
77
89
81
84
76
73
82
78
129
87
82
72
91
89
78
82
90
77
74
94
74
166
74
86
82
75
87
85
77
73
72
78
75
73
89
77
74
75
88
73
76
101
89
76
74
88
75
81
82
82
75
81
94
76
643
75
112
76
73
83
96
82
75
84
100
72
92
74
75
76
95
78
86
85
73
74
82
100
71
101
75
78
84
89
86
83
70
77
79
73
78
97
80
73
73
81
2647
75
75
74
68
73
75
83
79
75
105
80
75
74
75
81
84
85
81
89
73
70
81
83
79
81
81
83
83
76
73
82
82
78
80
78
76
75
82
79
74
74
77
78
78
77
80
86
76
79
78
89
75
74
79
85
76
90
88
75
96
90
83
79
74
82
76
82
73
76
77
160
73
77
93
118
85
77
93
75
185
84
77
81
78
76
79
83
79
99
80
77
103
79
86
80
77
80
81
83
81
78
78
85
77
102
80
78
78
91
90
89
86
75
83
76
87
88
77
78
81
76
83
80
86
76
77
78
77
81
89
77
75
89
86
75
95
91
76
79
84
97
81
78
78
88
76
84
80
76
81
79
79
75
89
104
76
76
124
90
77
81
104
78
98
85
78
76
90
88
77
78
79
79
86
84
79
75
78
82
93
76
72
138
76
108
77
78
78
96
80
77
87
79
76
79
91
110
88
77
76
77
76
75
73
104
77
80
105
78
86
86
75
80
85
80
80
82
85
84
115
77
102
117
85
92
77
81
86
84
90
90
77
79
81
80
78
80
91
97
79
75
106
76
91
90
93
85
96
90
76
91
81
86
79
88
99
84
82
94
80
72
103
85
82
93
82
76
92
79
97
116
106
77
79
108
81
77
130
96
77
87
87
73
93
78
74
158
108
75
77
90
77
90
87
78
80
75
89
102
84
92
80
92
97
89
79
114
99
76
97
79
78
92
76
96
88
78
84
80
105
80
80
108
85
670
88
94
89
77
78
79
97
74
107
78
74
87
78
81
97
75
78
86
82
82
109
82
104
99
90
88
81
127
78
92
76
78
82
77
79
82
75
103
79
74
79
109
75
81
109
75
89
89
81
99
80
78
79
89
82
101
75
83
79
76
76
88
77
76
79
83
87
78
77
77
105
75
77
82
76
108
75
109
88
91
78
88
86
103
79
98
80
80
117
135
97
72
88
86
78
94
80
76
76
99
85
75
133
85
77
91
87
80
76
76
100
110
74
79
132
81
79
91
106
75
80
76
79
106
114
95
78
90
86
76
96
95
87
98
84
76
78
126
75
84
79
92
79
124
84
121
75
81
79
94
85
80
77
114
74
85
112
81
76
86
85
77
82
89
99
123
78
88
84
75
110
84
90
94
100
119
79
81
80
76
81
85
80
80
83
90
84
80
111
82
94
82
82
81
91
79
78
97
92
80
75
73
81
80
80
88
82
78
96
104
91
83
81
85
79
80
75
82
85
96
87
77
75
85
95
78
84
91
76
81
91
121
74
84
97
91
91
88
81
88
103
82
96
81
78
74
91
78
132
114
78
82
91
82
90
87
86
81
101
87
72
85
94
83
91
92
100
78
101
87
76
123
79
77
118
82
76
85
83
78
92
89
129
148
113
82
77
116
77
