2016
3895
69
97
92
91
90
89
1027
71
97
77
84
88
132
88
86
74
77
129
92
83
82
86
82
118
1019
84
1031
139
76
110
73
142
72
130
103
98
81
433
77
104
78
152
77
82
93
74
85
95
71
77
91
403
76
1015
87
81
96
2027
75
75
145
1172
88
80
88
73
114
74
74
100
118
70
89
108
73
103
124
77
1420
72
78
210
75
119
97
75
88
79
77
1172
79
117
112
102
93
145
148
87
96
89
106
122
87
86
188
70
76
110
75
77
85
999
78
146
632
3125
84
73
78
94
83
73
75
135
1010
71
92
78
179
74
90
104
190
79
87
79
83
94
134
255
71
74
89
3027
93
75
105
76
86
74
73
105
79
73
84
76
66
68
83
78
75
72
83
101
76
76
82
82
91
82
74
93
420
82
88
75
68
67
89
74
75
79
105
77
80
75
74
70
78
81
89
93
78
78
90
76
690
76
93
79
75
79
151
83
85
87
563
68
78
73
76
71
94
96
72
93
70
155
87
77
78
84
85
72
328
99
82
128
93
85
86
84
1019
77
104
141
72
71
84
78
74
91
80
173
90
89
96
99
438
118
75
74
78
78
82
100
92
422
96
87
75
93
127
81
107
86
107
86
97
76
75
93
241
108
80
89
101
91
78
97
84
71
85
99
90
349
77
105
88
90
104
86
85
128
82
79
90
78
95
86
67
70
81
76
71
110
72
95
117
81
218
71
110
97
85
72
91
1275
82
71
81
88
106
103
102
75
128
74
79
77
110
101
299
79
82
92
118
84
139
427
74
80
116
80
92
160
77
96
118
75
107
82
93
85
97
89
187
71
99
88
96
89
99
220
80
86
99
84
96
107
75
109
107
89
102
81
92
77
89
108
98
131
143
95
87
86
141
113
99
95
73
108
138
112
84
86
216
92
84
93
81
132
186
109
85
68
126
106
99
84
79
84
77
104
77
92
93
90
87
102
77
91
107
72
112
73
100
80
77
97
70
76
105
87
89
132
81
96
100
132
116
97
96
92
105
105
83
563
109
76
82
140
78
76
94
104
72
90
106
255
80
78
86
76
95
89
92
82
121
87
90
126
79
108
83
74
71
106
105
109
112
75
96
117
81
85
73
75
88
81
177
100
110
80
74
154
96
72
88
72
98
137
78
83
96
299
81
93
108
76
108
105
139
82
141
76
81
124
78
285
73
84
97
82
77
131
86
83
316
87
85
73
129
74
114
74
76
269
99
72
80
103
92
81
87
125
75
99
78
80
110
93
108
100
99
73
113
91
76
102
78
74
77
85
104
73
79
71
73
103
90
100
73
77
91
103
78
71
91
101
148
102
149
1070
109
526
75
390
91
75
107
288
76
87
95
95
223
87
78
76
82
92
204
93
92
71
70
84
98
70
85
75
68
84
70
71
109
83
73
83
114
81
85
86
88
86
73
83
106
83
78
74
122
77
84
91
76
67
88
73
86
86
120
72
68
79
84
72
83
90
136
70
82
135
166
197
174
185
193
185
169
231
138
254
205
80
180
156
113
249
193
254
91
205
88
218
317
216
74
200
180
119
150
138
202
322
175
114
184
151
175
224
143
136
370
288
71
92
81
74
93
217
102
126
307
74
84
503
78
111
84
75
119
277
76
107
98
287
80
82
70
99
90
75
95
94
73
106
98
72
95
94
75
99
87
71
79
72
95
101
102
76
93
88
83
146
249
79
176
268
76
1220
81
73
90
299
92
76
461
72
83
80
127
86
84
73
81
100
119
79
97
436
74
96
1263
84
69
106
78
71
107
79
71
98
96
82
82
69
72
75
78
69
83
74
73
132
77
70
96
103
73
2043
76
76
75
152
93
78
110
95
98
82
88
71
74
81
71
71
90
87
79
91
95
88
72
78
72
96
80
88
133
98
102
80
89
82
86
761
112
260
75
78
95
165
93
94
134
90
92
82
89
84
73
84
327
105
79
103
81
114
87
73
2081
74
77
95
98
98
93
86
93
89
214
932
80
83
79
77
87
84
76
93
89
75
90
77
91
109
73
85
83
96
74
108
279
72
83
73
83
116
89
72
76
75
83
94
89
73
105
278
73
90
75
90
73
95
86
87
81
73
86
74
82
76
97
73
118
75
109
80
74
94
103
365
97
73
89
84
128
73
75
227
660
80
84
279
76
89
80
97
73
91
73
94
104
74
254
73
92
203
80
90
82
91
122
93
85
78
76
490
73
87
111
276
128
73
85
85
107
84
101
88
255
113
74
90
86
76
529
343
78
90
84
84
98
101
74
77
146
85
98
78
98
80
79
100
85
213
82
72
91
81
85
81
75
129
92
90
1049
88
75
93
77
94
84
83
193
81
253
262
203
109
207
285
233
222
78
588
71
164
108
299
141
123
221
186
182
197
167
272
172
222
209
184
123
280
71
235
173
217
116
218
256
126
258
188
165
137
96
156
246
107
239
117
602
79
248
96
74
85
80
96
88
233
86
93
92
91
82
78
76
94
88
93
137
77
106
78
81
91
79
403
108
87
89
85
86
225
110
95
73
98
83
104
78
85
77
73
96
303
84
74
85
92
103
110
103
74
82
83
94
101
75
122
102
93
73
84
113
81
104
86
74
100
110
78
99
74
129
79
85
93
79
88
404
73
79
101
78
92
91
81
87
88
83
81
77
72
95
91
74
135
141
77
82
107
77
95
137
93
77
94
73
83
325
84
85
98
84
82
95
92
75
92
106
73
91
89
99
78
75
110
77
104
88
72
98
104
84
94
119
86
92
96
77
106
94
78
2291
72
97
75
80
78
72
121
80
120
195
74
88
96
78
111
74
71
100
84
94
82
94
94
81
103
85
74
86
91
76
103
101
390
84
77
80
91
81
90
89
98
84
75
81
104
84
130
82
88
87
87
108
103
467
91
80
101
86
76
74
115
99
86
81
116
72
87
77
76
90
72
87
85
96
76
95
78
137
72
84
97
78
78
90
77
101
131
179
93
87
165
74
108
88
104
81
83
82
83
118
115
81
117
96
81
93
76
73
71
88
87
352
87
99
116
82
93
101
95
92
87
95
70
86
82
76
102
85
101
82
75
100
227
82
75
109
86
78
111
93
89
92
106
81
132
85
75
85
77
327
85
84
77
75
76
139
91
82
347
77
88
122
97
82
82
82
93
99
90
109
72
117
118
249
73
99
97
110
106
75
126
100
72
97
109
109
80
97
77
80
92
83
101
78
104
79
99
67
109
71
68
74
97
68
120
85
93
86
73
69
85
86
85
71
98
70
79
79
67
68
90
90
70
72
89
74
102
111
83
80
112
136
93
75
105
113
102
119
90
161
96
141
145
82
111
130
127
96
87
79
145
118
5041
1094
85
79
85
123
81
84
203
111
112
94
85
92
95
213
174
103
86
99
108
2015
118
125
105
89
110
243
90
107
1098
89
90
69
88
105
89
87
81
99
118
95
108
107
75
76
84
87
172
77
104
2020
758
103
117
78
140
186
84
83
79
128
81
76
77
90
74
89
91
73
85
77
81
72
75
73
77
95
79
86
86
399
75
79
1153
88
114
95
84
109
100
346
84
93
84
82
93
90
2005
119
110
93
79
91
1024
103
1042
83
89
152
96
84
95
89
83
77
75
81
168
77
91
76
77
115
242
89
86
87
195
2879
71
82
79
212
82
94
120
110
86
202
79
93
96
87
83
111
79
75
115
2077
81
89
73
76
99
84
72
81
95
80
71
78
80
91
81
78
73
76
93
82
75
74
80
85
79
94
72
73
92
79
89
77
86
91
105
89
72
74
88
88
79
290
112
85
79
75
76
180
79
103
89
83
89
86
78
79
81
99
97
86
89
101
80
79
88
80
79
119
78
86
84
184
79
75
74
79
83
164
88
83
83
74
75
77
89
84
83
94
73
87
82
91
77
97
71
84
74
82
77
80
81
71
90
82
73
88
156
194
156
72
157
186
162
211
197
169
160
175
89
998
70
78
78
84
72
78
81
82
79
86
83
67
67
80
103
67
68
81
74
86
73
68
82
115
71
67
73
88
80
84
75
73
88
80
106
70
76
68
83
78
75
66
70
71
74
71
64
75
69
67
79
86
84
77
64
66
610
69
86
90
76
71
68
74
67
68
84
70
68
75
80
65
77
75
70
72
72
96
5993
2026
116
93
74
1029
94
70
69
91
84
74
109
74
127
80
90
68
91
82
95
75
74
75
94
82
103
87
97
91
79
89
76
107
80
89
84
68
87
99
78
123
876
71
72
73
128
83
103
74
114
79
115
77
83
91
78
88
87
99
73
140
87
1376
72
77
92
97
89
84
73
79
87
90
106
84
98
123
263
85
96
83
87
104
102
90
120
78
86
92
1274
98
89
77
80
107
145
108
94
94
87
87
86
107
70
113
101
70
74
82
75
114
74
93
74
88
80
110
106
71
66
96
77
84
72
77
1022
67
84
81
72
71
88
1991
71
78
70
70
119
72
70
76
85
75
79
75
105
72
2029
66
75
72
71
108
82
84
224
115
95
69
76
80
94
71
98
81
72
72
70
69
75
76
73
99
79
80
66
76
86
98
77
79
72
70
71
72
124
75
72
74
68
78
81
99
70
71
85
74
73
2015
68
79
103
86
71
77
103
81
76
117
85
84
73
68
79
78
89
73
182
71
75
84
76
75
101
219
73
83
1011
69
83
78
113
69
82
67
76
93
76
86
68
85
89
80
80
67
93
109
82
74
76
68
75
82
78
69
82
69
73
77
108
108
75
119
86
73
70
133
70
996
212
71
84
72
88
78
74
116
79
79
83
68
91
97
81
73
94
103
78
78
127
78
66
1020
67
173
117
72
78
85
84
67
71
70
114
114
92
77
99
116
69
76
1005
75
96
74
71
73
79
98
110
75
94
74
87
84
81
70
139
87
69
70
88
82
1018
85
69
93
70
71
119
117
78
72
72
92
80
111
105
83
85
76
107
2005
77
73
94
75
92
75
106
80
101
70
74
85
161
72
79
108
80
75
89
94
274
74
99
97
75
108
71
72
92
77
77
668
73
74
78
75
86
75
78
72
101
1337
68
67
112
80
131
79
74
103
224
86
87
72
666
121
77
74
73
72
2015
84
75
73
71
76
92
106
78
93
92
73
87
84
77
104
86
80
89
73
132
76
67
96
79
108
71
78
82
75
1038
69
70
71
83
77
119
84
72
80
107
83
73
72
74
82
87
124
70
71
102
83
73
75
73
70
104
85
78
74
82
76
69
122
378
70
74
74
94
2015
70
99
92
186
70
74
78
79
72
73
101
2966
98
80
80
86
105
79
81
80
100
68
94
1095
304
73
76
77
76
109
96
940
86
83
86
89
106
3316
70
78
84
73
101
90
77
75
79
95
113
71
78
575
115
72
104
90
89
112
72
104
91
88
70
125
1023
91
77
93
198
96
85
73
330
99
98
98
1921
93
85
92
73
288
89
83
97
137
90
102
104
104
77
86
88
82
150
71
82
109
76
98
2098
262
153
139
2280
97
109
104
1135
113
3437
113
114
131
113
137
98
97
90
100
129
145
113
108
90
139
89
96
121
138
109
83
102
124
149
96
126
103
484
84
103
756
97
128
98
117
97
124
1999
81
109
79
86
143
85
104
96
115
83
424
83
80
433
113
76
74
77
83
79
85
97
96
93
74
91
137
76
75
78
83
73
99
152
92
350
81
89
76
84
90
78
77
94
89
75
99
84
79
78
80
97
77
77
275
100
74
78
81
89
80
81
77
72
81
281
80
86
80
86
74
83
81
69
87
74
77
112
85
79
84
103
71
87
75
91
112
73
90
320
74
71
116
90
100
94
80
74
126
87
77
98
89
72
102
78
82
77
98
92
79
89
74
84
77
88
86
87
89
76
114
86
92
82
76
116
291
77
359
101
91
95
147
398
117
126
254
680
74
74
73
75
81
2116
74
83
137
97
89
89
90
87
73
79
74
70
89
105
88
96
78
79
77
109
70
95
110
71
70
81
178
86
72
78
96
107
76
76
79
71
83
86
93
78
86
74
124
82
92
74
81
81
502
80
77
97
94
75
99
73
76
110
98
159
86
76
75
82
73
71
97
115
78
93
109
73
70
119
74
275
76
85
75
77
83
74
77
77
92
89
94
84
84
85
77
126
78
301
72
77
101
78
72
73
77
89
82
82
80
119
93
269
82
76
88
81
78
78
80
85
93
93
75
622
103
74
89
2013
84
97
1023
83
119
78
78
84
75
94
71
84
85
112
73
101
84
70
86
74
78
91
80
103
199
98
76
88
240
74
84
75
71
83
83
75
73
106
89
75
92
93
99
92
93
72
84
80
169
216
195
172
253
72
180
204
145
194
133
369
285
149
3177
97
74
88
75
130
133
963
86
78
73
84
100
86
76
115
73
90
86
84
104
99
99
77
116
71
96
650
571
87
71
2045
74
86
83
82
104
91
100
129
73
84
121
82
70
74
83
83
112
76
74
70
85
163
1400
85
69
102
121
79
112
82
71
1163
83
96
70
82
77
74
81
89
70
78
82
82
73
80
81
71
74
74
77
87
75
76
69
93
75
76
87
74
78
81
82
3019
70
71
106
73
85
83
141
71
1221
151
83
99
77
75
72
72
75
72
71
130
75
97
94
71
69
73
78
1035
89
94
69
88
71
78
90
73
90
96
73
72
91
83
76
77
197
76
71
83
72
80
73
1597
73
84
86
73
85
72
100
75
72
72
98
77
98
99
89
85
78
72
83
80
86
72
84
82
90
79
83
96
87
88
77
98
99
73
90
81
113
82
79
75
113
75
90
90
85
95
271
78
103
82
154
73
72
293
75
95
75
74
3032
77
109
76
94
91
97
104
75
3025
79
69
91
94
83
76
91
92
168
94
71
67
96
73
89
69
72
72
74
78
75
95
87
77
116
108
88
71
83
117
72
72
93
86
85
80
105
120
75
77
95
95
73
140
151
106
110
72
1010
117
74
78
2105
69
109
83
71
98
92
87
71
70
110
209
98
88
80
109
85
81
70
77
99
91
1010
79
93
76
88
2009
73
84
95
107
75
96
74
76
83
85
122
83
72
75
77
105
92
76
81
94
93
89
84
96
96
96
252
71
73
107
74
168
70
68
109
81
92
75
69
78
73
80
71
75
79
71
68
80
78
114
77
87
68
67
68
68
71
69
110
73
73
77
67
70
178
81
74
68
67
69
78
79
88
93
93
84
79
86
74
83
90
100
78
69
68
105
84
73
75
68
149
75
78
83
68
79
76
74
82
70
85
97
73
83
76
70
71
85
102
78
89
113
82
74
69
93
4039
70
76
91
74
101
73
71
93
83
75
74
75
99
81
73
109
71
69
81
82
70
72
86
3030
81
68
82
69
74
71
89
78
71
93
77
72
80
101
89
90
72
114
71
78
99
73
75
110
69
71
69
96
101
68
247
80
72
68
87
543
70
74
97
126
70
107
1475
68
76
102
81
99
74
73
85
101
70
73
97
660
72
67
120
74
1039
70
76
84
107
82
73
95
117
669
72
69
78
199
1197
73
87
97
81
217
75
101
78
69
82
74
107
86
78
287
105
89
141
88
85
99
89
70
69
1011
135
89
79
82
74
74
72
71
75
84
83
71
82
75
72
105
112
83
105
77
112
117
86
81
76
128
80
90
75
85
75
95
75
74
79
90
101
104
98
80
86
80
113
76
82
92
79
78
119
106
123
102
111
78
722
120
303
92
2000
70
82
87
81
67
71
72
78
69
73
74
99
82
99
91
83
2990
74
76
74
103
93
69
93
74
70
72
75
66
74
71
66
110
83
98
68
71
66
88
69
74
76
90
65
70
95
65
75
68
66
84
68
97
75
66
69
73
69
65
63
65
64
61
64
72
73
65
81
67
81
79
65
69
84
71
65
62
84
75
69
71
84
65
62
68
63
61
62
63
91
83
65
65
71
65
63
65
63
65
64
103
80
68
78
72
82
87
78
77
79
91
67
81
87
81
67
81
1267
84
73
1025
76
68
77
90
76
77
90
94
72
69
79
119
111
75
69
70
97
89
69
82
87
86
75
73
70
75
79
170
75
71
72
93
116
71
83
85
73
91
69
246
98
154
89
80
120
82
71
93
74
81
74
105
86
71
69
69
114
100
73
126
79
72
75
98
72
70
85
77
102
106
80
74
77
82
89
74
106
72
78
84
75
1002
102
95
146
73
68
77
96
74
120
97
74
68
73
98
77
96
79
73
1014
102
96
71
89
71
96
125
89
80
75
72
98
117
1990
84
100
101
69
68
119
81
69
122
109
79
70
84
75
115
104
69
92
101
71
93
84
151
78
69
91
106
98
104
75
115
84
240
93
73
79
75
164
71
86
1816
66
97
113
72
78
75
73
77
84
76
82
115
71
99
71
77
72
117
73
74
89
91
84
72
92
70
83
71
72
115
75
77
171
81
2004
91
75
70
74
74
74
147
72
72
83
72
72
109
66
64
77
77
3052
73
77
74
156
71
71
121
134
72
82
84
2005
123
95
73
78
70
74
80
71
133
74
84
82
89
100
71
83
82
71
97
67
80
71
79
106
73
93
85
70
78
75
81
81
86
95
998
106
115
68
73
84
95
81
76
72
79
85
3209
69
131
121
79
117
83
91
139
110
113
89
77
89
74
81
89
88
99
92
73
105
85
76
86
83
102
106
109
78
75
70
123
81
78
85
300
80
77
82
70
2020
74
76
76
82
77
110
75
70
71
73
87
94
88
83
3018
76
97
129
105
145
82
101
97
73
78
76
71
69
76
98
75
73
132
97
164
71
84
75
85
71
77
71
94
1521
73
104
554
71
77
74
71
91
1011
93
77
71
84
84
69
76
2995
74
80
73
71
164
77
69
86
93
70
73
70
91
74
72
68
803
70
76
115
77
83
83
70
104
87
70
83
79
98
67
96
84
78
68
72
71
73
116
68
78
96
70
69
75
72
80
82
83
97
76
83
1019
77
160
70
72
94
73
74
74
71
180
73
71
76
82
98
72
72
92
74
110
100
73
134
78
97
124
71
92
417
88
68
79
71
2988
64
64
76
347
103
119
69
75
77
74
77
77
74
80
74
73
97
85
109
1027
69
94
75
86
73
88
116
68
85
82
70
103
3010
76
93
74
75
72
89
91
74
291
72
79
94
78
90
93
99
93
117
87
79
85
94
114
89
150
80
92
93
88
83
106
111
148
3030
78
68
83
73
77
72
85
74
86
2020
81
88
83
168
68
79
74
72
80
102
73
104
151
78
78
3009
73
75
79
115
82
108
81
79
83
80
107
78
123
97
70
80
72
71
80
70
168
126
84
72
80
73
81
137
75
130
68
74
130
2024
74
81
122
105
70
138
76
71
89
138
74
73
86
1053
80
74
164
70
76
93
137
67
89
99
80
83
120
1493
71
80
74
70
85
72
75
98
80
76
88
87
89
78
84
85
114
71
94
81
71
77
72
79
71
77
80
82
79
74
75
90
74
91
81
71
76
74
92
74
77
74
74
86
86
71
84
102
82
92
70
78
79
80
69
97
70
75
83
75
69
76
89
67
76
75
68
63
79
66
78
71
80
72
69
74
65
65
89
67
69
72
69
79
85
68
86
81
67
93
81
70
72
71
187
71
65
107
113
64
72
64
65
77
69
66
76
70
62
62
79
71
65
74
77
110
77
97
69
93
73
64
103
67
64
65
69
77
3008
75
89
104
98
78
83
81
92
89
83
94
79
89
115
113
73
70
95
1011
70
76
104
71
998
986
72
86
75
71
77
72
82
95
98
121
131
94
118
79
73
70
83
75
87
90
78
110
116
88
92
79
1012
66
71
80
79
85
98
81
107
79
85
127
109
73
81
72
110
81
2030
72
77
84
90
110
118
93
101
97
116
78
72
84
89
90
115
121
79
79
88
77
82
128
92
102
1050
1032
87
118
75
1005
76
76
80
83
83
1039
112
78
83
80
90
75
160
74
83
88
74
77
99
105
82
81
102
78
92
148
124
125
102
72
90
83
244
76
77
82
80
100
82
104
3143
77
124
71
100
131
81
123
75
73
1058
88
129
1197
1003
90
92
75
78
99
150
84
93
101
183
85
73
91
90
78
1990
101
83
86
74
80
85
113
100
77
73
146
74
75
70
78
71
81
71
69
86
2015
64
71
78
85
104
68
70
84
82
70
72
79
71
74
72
78
93
73
96
85
70
75
88
76
84
107
1048
148
74
83
133
71
100
99
93
84
133
75
95
91
119
78
71
92
70
70
72
95
125
91
79
87
4013
79
87
88
73
84
71
70
68
78
83
71
102
98
87
74
110
74
79
96
92
69
80
102
88
77
99
217
87
86
116
70
101
73
82
992
84
82
77
117
103
74
75
100
118
212
81
145
74
69
74
101
95
70
81
121
68
69
69
69
120
74
70
85
71
81
83
90
3015
71
70
70
72
86
102
90
71
91
122
68
124
80
86
81
71
86
91
78
67
103
72
85
70
85
98
90
83
94
83
127
67
111
2055
81
68
116
84
72
76
82
81
72
77
71
76
73
78
80
100
71
72
77
99
81
71
73
86
92
369
71
81
90
175
75
76
78
73
113
79
86
82
1994
69
114
119
71
70
68
76
90
67
90
76
82
73
124
76
90
77
66
145
2071
83
93
97
260
116
73
146
102
182
535
80
99
97
77
77
78
80
74
80
75
2206
96
72
72
2017
1022
100
82
142
79
71
2022
124
71
80
86
84
74
95
68
71
104
111
2068
67
73
81
72
85
70
77
94
74
70
75
71
72
91
109
72
85
69
67
85
99
74
93
66
102
73
80
2014
79
74
79
78
69
67
85
68
66
64
75
71
546
76
72
104
74
69
76
2010
100
74
83
96
75
922
75
105
69
91
133
74
75
93
72
67
75
74
86
78
74
2056
72
70
87
93
81
93
105
73
71
66
73
72
79
76
97
85
70
84
95
76
94
70
71
89
73
109
89
152
68
71
76
78
110
92
73
74
113
75
112
90
102
75
91
94
124
96
76
106
74
71
107
72
68
82
73
77
82
77
73
68
68
477
73
1009
106
127
100
73
75
85
115
83
330
2092
71
126
86
69
68
70
76
100
74
117
71
122
87
74
69
69
71
77
72
74
89
80
73
79
79
80
96
70
361
80
71
70
74
86
74
71
77
126
72
83
80
66
79
82
1119
69
72
76
1015
104
101
101
117
447
67
69
68
99
99
73
69
69
1029
263
73
135
77
86
67
78
72
92
1005
96
72
75
68
98
74
125
69
71
82
97
120
71
68
84
73
74
107
88
1030
101
144
90
75
84
71
77
86
1000
71
73
79
70
92
93
74
86
77
81
97
86
2022
86
81
81
67
73
1077
71
85
74
78
72
114
75
1032
76
88
66
88
68
83
98
75
72
72
79
72
78
69
120
91
66
123
85
125
155
72
2020
68
99
91
93
71
99
128
75
68
73
127
69
85
74
81
1005
74
1000
95
66
74
111
72
2022
67
74
110
70
315
67
73
85
70
83
91
74
108
96
85
70
72
87
96
74
71
291
71
74
84
74
1005
70
109
110
74
67
81
91
94
77
74
73
91
1034
67
77
98
84
97
69
70
85
259
85
71
70
113
72
68
78
358
848
69
69
167
69
90
93
1443
92
76
71
93
76
1238
69
71
87
2012
74
72
67
77
82
101
72
67
1018
73
71
91
82
71
66
84
65
70
144
77
87
132
103
73
71
76
97
70
73
69
71
79
78
149
69
68
68
82
90
72
73
73
78
72
1023
244
73
69
87
80
2049
95
73
72
79
75
67
68
103
84
103
84
71
81
80
75
80
71
89
70
71
70
82
127
81
76
67
71
79
2163
69
1018
68
67
83
80
88
69
69
72
83
94
199
67
73
81
85
74
2152
71
69
73
70
70
69
136
71
70
76
85
97
70
89
80
81
70
82
97
72
77
71
107
77
72
79
73
79
81
90
127
76
70
70
106
78
72
116
80
83
101
81
74
78
84
73
96
78
71
104
70
89
78
96
71
89
94
95
72
254
105
558
78
226
69
113
245
75
90
69
91
70
94
125
81
172
157
174
66
215
76
93
74
85
67
99
122
127
71
74
108
110
74
100
117
104
200
73
68
71
75
70
191
70
69
69
155
122
78
72
197
68
91
80
91
73
96
74
77
70
101
79
84
139
103
74
233
80
116
1065
69
79
78
72
72
98
125
69
84
77
141
97
71
99
101
77
69
120
76
71
211
72
138
75
94
74
182
81
84
109
90
104
77
71
99
118
73
109
72
105
198
76
83
71
98
227
102
70
145
391
99
100
90
99
72
96
90
96
1024
91
71
75
75
70
115
93
70
70
74
135
74
95
82
90
72
88
2006
68
69
89
109
1016
73
71
69
75
89
100
71
78
105
111
92
94
71
72
113
72
72
122
154
1016
90
71
106
76
87
94
71
97
111
80
118
102
113
82
74
75
230
71
72
119
108
72
109
70
100
98
122
804
165
123
77
2011
110
75
103
95
1039
74
85
70
84
73
69
75
75
69
114
71
75
112
157
96
181
133
71
95
74
103
73
89
71
71
2034
88
72
80
73
79
69
72
96
75
109
69
1042
117
1726
67
81
72
69
74
94
75
70
98
1020
102
69
183
74
70
74
77
71
90
70
107
140
73
73
75
72
86
71
70
73
70
81
72
93
73
73
71
85
76
356
78
74
104
76
73
137
90
76
71
70
73
103
111
82
93
69
75
83
71
74
105
77
97
143
81
70
101
77
73
75
72
74
158
70
85
74
86
77
70
75
76
78
76
82
80
73
70
75
72
83
81
79
92
70
121
81
78
93
80
71
77
74
117
81
78
98
77
80
81
84
89
82
83
76
71
118
101
98
203
74
77
79
115
90
105
86
76
75
77
155
87
79
89
78
76
80
81
84
78
120
221
83
74
75
83
82
74
70
102
135
119
112
88
82
122
70
78
92
74
92
88
91
72
71
89
75
118
83
95
240
71
110
121
118
74
104
71
91
71
70
87
108
85
74
74
77
111
91
75
141
71
70
132
98
81
114
1123
71
71
84
116
70
188
106
75
72
71
80
102
81
100
89
86
76
133
149
132
77
72
112
119
100
74
103
100
84
105
107
81
71
94
94
72
72
403
75
126
170
73
70
82
111
71
72
96
97
117
100
77
78
89
101
71
79
144
77
77
105
608
72
76
113
169
91
99
74
100
72
75
151
104
151
78
134
69
113
123
95
76
100
256
69
72
96
169
69
77
102
81
90
108
148
74
75
83
82
82
77
133
73
74
109
73
158
119
78
122
74
1014
121
108
150
97
168
70
105
1998
91
94
70
98
94
84
142
76
71
77
126
73
87
74
86
192
96
108
73
80
89
77
103
121
89
1065
86
78
74
2016
114
73
110
107
71
100
74
78
2019
114
136
86
107
73
79
105
90
74
111
88
74
75
93
75
108
73
81
78
71
100
76
72
635
122
103
142
93
79
84
1998
125
109
144
137
92
72
88
80
155
140
88
81
109
71
122
1995
111
114
73
106
70
95
73
89
94
74
92
97
79
75
69
75
78
122
74
144
75
104
74
190
80
2011
98
74
102
76
102
154
100
76
146
97
166
91
105
72
81
293
116
90
87
111
72
99
133
98
109
150
78
70
120
127
528
117
109
187
79
100
96
93
142
76
87
1991
70
118
162
88
82
132
128
85
89
73
77
72
92
75
138
76
139
69
72
79
1003
70
116
110
78
70
73
188
104
134
128
106
84
71
147
114
76
77
77
77
118
104
128
84
74
114
104
80
291
73
74
77
89
85
3042
81
73
72
89
997
71
120
112
104
113
87
85
74
130
128
72
109
70
107
113
69
73
112
192
106
103
128
112
94
121
148
81
74
97
72
109
87
70
70
144
81
87
118
91
74
73
72
91
2027
74
79
84
75
76
70
95
79
82
91
98
72
98
73
110
105
101
95
69
78
75
71
73
77
83
75
91
109
123
73
71
99
1030
83
96
73
78
73
84
158
76
106
116
102
76
96
125
145
104
2004
71
108
73
1009
95
108
106
72
121
72
105
97
88
73
75
112
102
72
79
106
73
72
86
72
74
589
72
76
120
73
146
70
71
93
74
100
79
77
70
70
74
76
73
154
73
99
72
127
86
101
76
91
74
110
76
113
73
71
75
69
78
82
80
73
87
73
73
334
73
72
302
70
96
74
68
73
77
73
103
72
77
91
105
70
73
79
85
75
72
77
80
71
89
75
76
90
72
83
76
93
94
112
232
68
96
76
67
79
75
103
112
83
74
70
73
91
75
72
73
87
76
70
72
75
73
74
74
78
75
97
73
196
74
76
84
69
84
69
88
73
131
74
73
80
81
75
72
95
74
86
82
90
93
88
74
78
88
149
95
1055
72
2017
69
70
69
74
78
73
79
71
123
74
87
95
71
74
77
86
93
76
104
86
87
76
116
72
171
82
73
95
80
71
76
90
91
72
75
78
71
80
79
77
76
91
69
69
93
103
79
77
110
103
675
84
92
82
80
197
93
71
73
84
83
72
79
88
186
84
75
178
73
73
103
72
88
72
91
83
76
81
75
75
86
89
74
166
79
83
71
87
74
86
97
73
142
75
107
97
90
93
74
73
73
220
73
73
159
79
113
102
71
72
73
87
90
81
91
85
146
79
89
101
92
81
100
69
75
108
71
77
86
100
124
78
73
98
129
82
75
98
98
72
82
82
73
111
81
73
100
73
77
98
78
84
75
75
77
88
94
186
73
92
78
70
79
77
79
92
77
120
196
75
74
80
81
73
116
73
90
71
94
90
105
89
77
76
88
74
100
76
78
88
76
88
104
71
76
124
94
87
71
84
85
71
86
79
106
107
77
245
97
70
93
77
121
100
74
78
114
68
71
89
89
72
78
202
69
102
92
70
248
78
75
74
100
81
76
74
81
71
114
80
75
109
76
75
96
83
77
77
79
73
97
81
105
71
74
74
105
85
71
103
77
73
77
72
86
103
124
91
103
72
80
87
81
91
74
79
72
82
93
89
74
86
120
78
82
72
91
110
73
84
94
74
178
99
72
77
72
93
87
77
82
79
78
77
71
103
76
79
84
79
74
408
74
78
92
74
97
72
81
77
72
76
74
82
74
82
102
71
78
78
72
112
99
73
74
77
71
76
76
76
73
82
75
137
75
76
82
83
78
85
84
75
244
83
98
83
91
79
81
72
78
78
80
102
82
81
76
72
79
74
70
73
81
94
72
72
74
84
97
88
71
102
80
126
88
89
71
75
97
80
83
78
80
69
77
84
77
74
111
109
73
89
80
91
73
80
96
82
198
82
90
71
81
80
71
98
69
87
80
74
110
85
72
75
86
80
93
221
164
163
113
189
163
154
142
250
114
226
267
172
550
83
258
74
77
214
93
78
77
78
77
77
84
77
86
81
88
78
236
77
75
82
79
73
117
73
83
76
86
99
85
79
93
73
69
131
72
74
98
78
72
69
63
82
239
70
88
77
72
93
80
88
87
73
82
108
85
86
82
77
74
71
98
80
87
102
71
78
74
88
80
101
71
77
75
77
110
72
85
102
229
131
75
736
108
77
73
128
94
237
83
72
71
74
71
71
74
69
65
76
128
72
80
77
73
84
96
123
74
134
73
110
102
72
79
71
70
81
93
91
76
101
76
74
75
93
81
88
80
86
78
92
88
82
88
78
94
93
80
78
319
74
79
91
82
80
110
71
88
86
93
82
76
83
74
80
230
81
99
76
75
97
74
91
75
78
76
91
73
84
79
75
74
71
81
78
77
92
79
72
77
83
82
74
109
75
76
73
103
84
193
73
84
92
74
111
74
81
90
81
82
86
77
76
74
78
97
76
81
140
71
76
162
81
77
91
265
91
81
91
83
72
74
83
137
156
69
98
84
71
83
94
72
75
80
72
80
95
241
160
70
72
69
71
82
83
86
75
135
72
76
74
74
69
78
76
73
83
74
73
79
72
101
73
76
84
82
76
83
116
73
91
80
174
76
77
89
264
81
74
81
107
71
81
83
73
104
81
72
93
77
77
114
84
81
78
91
72
71
117
85
76
258
88
71
85
71
80
74
96
81
127
86
73
92
73
101
118
72
72
73
70
112
86
95
84
74
72
90
71
73
88
114
97
74
85
77
277
80
92
78
104
85
89
132
78
74
110
94
79
77
77
73
119
91
78
73
73
100
79
76
94
93
70
74
236
77
103
310
82
72
74
83
76
82
71
97
94
78
72
76
111
112
85
110
94
110
72
81
77
85
74
76
101
94
123
81
83
98
89
74
85
70
104
78
84
73
74
86
445
99
71
80
87
76
95
80
72
102
112
97
82
83
125
73
80
336
81
72
80
83
83
77
78
115
72
115
93
72
81
83
86
75
86
72
81
75
72
99
79
71
96
92
80
79
77
117
85
164
88
88
71
142
82
91
126
76
80
76
178
96
89
76
84
93
102
73
72
66
91
74
79
73
78
74
73
157
71
86
77
74
90
95
105
99
96
116
85
81
81
73
78
86
86
70
82
85
302
70
173
80
73
82
130
76
73
99
84
91
77
77
71
81
102
77
128
93
73
92
88
768
83
70
82
72
99
88
71
87
83
77
92
70
132
75
101
74
88
115
101
86
75
79
85
101
90
78
77
78
82
73
132
83
78
74
82
100
191
81
85
78
73
72
81
134
72
77
81
76
79
82
154
756
68
129
78
82
79
85
85
97
93
87
73
81
86
91
83
85
2013
69
72
77
77
90
77
81
74
107
72
70
72
113
80
73
75
95
81
74
68
72
82
85
108
109
75
86
79
114
549
82
95
224
75
104
80
127
85
90
69
73
78
80
78
92
84
80
78
82
160
73
71
107
78
90
98
73
79
72
96
77
100
83
99
75
82
82
132
74
78
90
92
85
82
75
77
75
91
102
68
72
73
77
82
74
89
80
73
102
81
73
90
106
79
87
443
70
74
91
82
76
79
93
82
108
78
73
81
98
379
70
164
71
111
93
74
98
80
70
67
109
72
72
101
78
70
79
87
97
75
82
80
99
145
79
72
102
85
78
87
248
78
95
81
77
115
163
77
69
101
74
81
75
111
78
90
84
101
77
77
115
71
71
1005
73
73
71
74
79
73
71
106
71
69
81
71
73
73
71
76
84
104
79
238
74
70
86
103
97
107
80
3034
88
99
78
80
86
101
96
73
84
75
80
103
78
72
104
97
110
77
93
74
106
78
88
71
75
81
104
83
87
93
87
90
92
83
90
93
73
92
71
94
101
81
131
70
75
76
80
118
81
71
70
91
67
87
109
75
271
75
98
74
73
83
83
69
82
90
70
86
78
76
72
68
76
96
101
85
71
97
77
107
119
78
80
74
81
77
118
84
302
311
75
80
90
84
102
82
228
91
73
94
76
112
107
70
80
90
79
118
74
75
73
91
87
76
88
69
110
72
92
420
83
78
96
219
74
137
79
71
80
80
118
137
100
76
144
69
92
104
79
73
125
74
71
111
98
98
94
97
77
221
85
70
73
90
86
78
133
75
75
110
71
102
88
79
72
96
74
73
95
78
73
80
72
70
107
1001
72
97
84
83
70
84
2024
74
74
94
84
116
79
102
80
89
75
87
94
101
107
104
70
73
74
79
74
80
104
73
75
76
96
72
96
81
83
109
96
1027
108
77
86
96
73
98
80
112
73
115
90
71
75
87
89
78
692
102
82
1040
77
91
119
101
81
1033
73
86
85
77
98
113
78
73
137
80
99
86
78
90
86
88
118
112
86
82
138
75
95
129
77
80
101
127
77
77
72
144
83
72
89
75
73
102
91
80
116
104
73
86
115
70
152
88
79
1017
106
78
87
205
88
72
75
118
114
75
95
90
128
75
78
99
108
93
102
74
81
84
75
84
91
77
73
1017
92
88
76
1023
89
77
74
87
81
157
83
90
104
73
114
100
70
100
78
84
85
81
139
89
87
85
92
71
101
146
84
85
87
84
84
2020
72
73
80
98
83
94
106
95
72
98
93
76
91
121
81
94
114
1017
72
101
105
73
94
75
96
101
77
109
71
77
83
2008
82
89
77
97
104
88
100
72
75
98
79
95
102
87
117
76
92
85
95
84
92
97
71
98
89
1028
113
81
127
74
75
98
85
73
2019
69
81
2012
97
90
76
82
93
76
89
89
75
76
103
76
132
76
84
79
74
98
82
85
82
105
93
74
79
100
73
84
77
74
70
72
83
134
223
97
86
87
89
103
96
89
81
83
86
91
77
70
70
95
138
74
105
89
92
77
88
100
83
90
133
74
146
93
76
76
75
89
96
93
84
97
85
81
103
99
120
98
78
80
92
75
127
288
91
73
74
92
89
96
78
83
86
92
82
279
74
100
87
81
81
90
75
77
80
97
89
77
74
79
80
99
123
83
94
110
76
80
103
89
96
72
90
161
108
71
82
76
77
73
96
111
83
77
139
78
76
91
76
130
99
81
87
94
2048
77
112
90
110
110
75
79
77
86
88
96
97
74
73
96
107
94
82
115
80
89
93
71
108
80
110
140
156
97
75
82
1045
81
112
95
89
83
72
121
83
1020
109
78
79
119
77
154
76
92
107
109
105
72
84
105
83
83
1016
1001
1073
73
94
84
76
82
73
83
2024
71
75
96
94
73
107
107
76
91
83
2040
72
76
95
94
75
77
109
78
116
73
77
82
89
86
74
82
121
127
80
107
111
94
127
74
82
79
98
1368
68
90
88
89
84
76
89
70
100
85
88
87
89
70
75
75
2036
113
104
150
75
85
88
118
105
82
116
71
75
97
82
276
73
83
80
86
129
78
89
2025
71
88
80
71
96
87
74
84
69
93
104
78
74
93
80
91
1009
68
71
81
68
81
1192
69
77
82
125
76
111
82
79
83
80
591
74
77
80
94
85
104
119
75
84
161
75
79
80
81
70
82
1029
81
151
69
70
93
1016
103
104
74
74
84
84
84
72
1051
84
74
123
85
86
634
104
87
89
82
93
82
1566
81
91
109
110
78
77
160
86
74
84
76
96
81
78
75
107
77
1246
108
75
72
128
72
102
100
196
86
86
102
107
82
98
107
87
1064
89
76
3031
71
70
75
72
123
72
73
78
81
72
106
106
81
84
68
162
77
73
97
87
146
75
73
96
72
389
93
109
88
122
108
83
97
80
91
1025
78
92
83
74
364
83
70
76
104
96
81
74
93
143
96
76
91
93
2046
76
90
78
77
98
81
83
83
97
71
79
84
79
2012
81
75
94
91
95
91
1994
91
91
93
110
81
104
89
78
80
78
86
74
98
91
66
68
93
79
80
111
1016
686
75
102
72
78
118
79
99
168
85
79
85
79
73
81
70
127
71
81
89
118
98
122
72
84
83
83
577
72
74
86
74
91
120
92
79
76
1002
74
88
108
88
89
119
78
71
95
81
103
76
72
107
102
89
122
88
1164
131
79
91
100
72
2035
74
97
76
72
118
109
85
75
107
92
88
86
93
87
79
79
1032
82
589
86
116
70
90
110
77
139
81
108
368
78
84
101
70
81
106
85
992
76
104
74
111
71
87
93
68
76
82
71
101
93
76
88
107
154
77
76
85
82
2017
121
80
72
126
79
74
2014
77
108
104
94
85
74
96
109
115
80
84
107
84
72
85
78
94
92
97
1581
96
98
77
107
89
1270
1018
75
160
76
77
95
94
253
103
78
84
87
93
82
1018
94
75
77
76
1029
107
90
86
83
81
1036
72
77
82
77
88
84
104
82
73
103
1004
120
94
76
87
74
70
90
79
71
107
74
168
100
86
122
99
81
72
71
94
75
104
71
92
2019
541
77
90
96
79
78
90
761
93
101
1261
84
74
81
75
78
89
73
74
75
97
109
73
87
73
90
115
70
85
94
79
70
100
77
89
160
4949
1010
92
84
100
84
108
136
94
75
92
127
88
107
79
77
82
120
113
74
93
994
77
118
68
89
108
74
82
95
90
79
93
78
87
73
84
362
81
77
136
73
98
167
81
98
88
106
76
70
79
79
119
74
995
991
71
145
97
123
72
73
76
92
75
313
3037
75
77
92
106
87
1007
84
78
75
102
75
81
80
72
150
73
81
81
104
83
73
82
97
155
89
74
77
125
71
75
85
143
116
116
80
75
83
81
85
78
74
1058
76
117
80
1003
76
155
119
76
79
82
87
99
2015
72
85
90
77
93
68
71
706
82
88
1044
98
85
107
123
71
75
90
82
84
86
88
73
90
101
106
1339
86
119
998
76
86
103
75
74
82
75
91
84
81
78
96
85
1049
78
83
92
76
107
105
162
73
92
97
74
84
98
81
65
76
1988
70
91
72
73
84
89
72
130
72
73
92
70
74
105
77
74
84
1010
72
71
80
69
93
75
74
72
70
71
74
1110
72
66
3046
73
96
81
113
131
82
71
77
77
74
82
70
74
80
90
75
98
93
71
74
80
89
74
96
74
95
71
68
1014
175
88
80
73
74
86
125
84
991
143
74
79
994
104
101
70
91
70
75
75
74
76
69
75
79
87
78
86
77
71
81
108
1045
77
76
4027
68
78
81
72
71
90
88
73
90
74
78
69
102
71
72
99
73
141
84
85
71
173
79
71
155
75
83
73
90
82
71
84
73
74
82
90
453
73
74
113
80
102
95
73
88
93
82
106
78
85
83
1045
76
95
202
990
164
1064
146
280
411
579
742
869
992
80
200
373
76
98
112
68
69
66
74
71
66
64
63
79
78
64
67
67
65
61
67
79
65
78
65
65
122
65
76
75
66
76
73
75
106
98
71
71
84
87
65
62
69
75
65
63
63
66
67
63
62
78
67
93
64
78
71
78
73
66
66
64
78
68
81
76
70
67
69
87
72
65
78
78
68
75
72
70
71
65
67
69
86
72
76
118
84
98
69
78
67
73
68
103
89
69
79
97
76
101
70
74
69
112
90
68
71
80
85
64
69
75
74
97
79
79
77
75
80
96
73
74
98
2012
78
78
80
104
107
2000
88
97
90
81
91
113
75
94
122
82
3005
73
163
96
82
101
76
128
85
81
83
75
113
86
71
77
71
101
93
105
81
132
1990
78
103
75
141
75
87
68
134
84
77
87
71
96
75
990
72
1029
77
102
74
65
107
124
80
75
73
77
77
73
69
107
98
77
72
86
80
92
67
67
68
102
89
73
79
94
77
80
72
67
108
90
75
69
74
87
74
70
76
114
74
97
79
86
76
88
2006
95
72
90
115
71
81
100
96
70
70
70
89
76
70
90
79
71
131
79
79
78
104
74
73
121
1042
69
78
81
109
78
71
95
118
82
76
74
99
77
81
73
81
91
232
79
77
86
2018
85
105
87
78
81
71
93
73
72
75
96
79
87
393
98
96
80
77
86
66
75
74
72
89
76
329
81
73
76
70
72
73
502
89
76
78
1005
110
77
79
78
71
69
78
109
81
72
73
73
88
64
1002
76
95
84
1020
102
108
74
99
1014
97
69
79
82
81
103
71
72
83
86
97
75
66
71
81
70
90
83
73
1014
70
76
84
83
81
71
1008
95
73
99
74
77
97
72
75
73
73
74
80
97
84
72
77
97
81
78
73
71
72
2024
72
110
74
85
82
98
82
90
86
70
106
90
76
73
88
80
75
107
72
77
77
81
608
97
70
130
72
77
98
81
70
72
84
72
78
74
76
75
76
79
82
81
79
82
80
70
72
80
1025
70
103
76
75
87
79
74
70
87
1032
92
100
85
85
95
85
97
75
108
76
122
77
1025
76
111
95
113
77
75
94
75
72
95
78
1032
74
92
78
133
90
82
80
76
74
90
90
92
108
70
100
708
1418
81
82
72
148
72
94
77
1108
73
70
99
77
110
102
2221
73
78
74
66
238
88
102
99
75
81
115
98
87
73
105
82
69
165
73
103
88
91
209
71
84
94
81
84
72
80
1997
2014
67
73
77
91
72
69
99
112
139
107
79
83
79
98
69
72
73
98
69
110
79
81
1247
72
85
71
73
117
71
75
89
74
336
93
91
93
73
102
83
74
78
81
79
70
77
108
94
115
76
136
107
92
94
104
808
71
78
89
82
86
72
78
70
132
92
70
78
98
1668
70
78
108
70
74
74
72
104
74
74
90
82
73
75
96
88
84
90
79
124
74
97
73
82
111
80
71
88
73
2009
106
88
87
101
70
75
78
93
75
79
96
74
75
123
77
76
82
92
82
70
71
76
102
84
73
112
77
74
73
76
77
79
2015
74
136
76
86
72
147
75
81
73
79
290
82
92
545
77
73
80
98
78
79
99
94
78
78
113
134
72
136
74
77
2069
73
72
86
78
74
75
73
75
67
74
76
97
74
91
82
75
87
115
106
71
81
71
72
78
73
82
1007
68
94
83
69
80
77
72
95
101
74
76
78
83
71
71
88
103
72
80
74
74
120
75
71
69
76
184
69
69
63
74
80
70
73
81
82
85
78
141
72
108
105
74
69
72
90
236
70
117
72
85
77
76
84
73
91
96
72
79
91
81
96
73
86
73
75
71
71
86
85
82
81
80
77
91
75
240
75
72
85
84
83
76
72
2010
88
69
145
205
69
79
75
72
83
81
96
181
74
95
72
81
73
335
94
78
86
91
73
85
91
106
80
71
88
98
73
86
107
75
75
88
76
85
82
84
74
73
73
76
73
97
91
85
95
378
77
75
96
75
2013
74
84
77
95
2019
72
76
87
72
78
73
79
83
73
73
76
85
88
79
95
79
78
76
85
78
77
82
117
100
84
76
81
94
77
73
81
83
75
80
103
82
94
83
72
82
81
73
79
93
76
86
215
74
73
77
253
81
76
73
79
71
81
77
76
73
81
77
96
81
83
77
79
79
78
80
77
73
84
95
89
75
78
81
91
76
93
88
