5
74
75
156
98
89
129
73
77
103
95
122
86
84
105
90
108
104
89
88
89
85
75
71
92
87
72
72
100
75
110
105
73
124
128
74
74
86
77
74
74
88
128
86
125
96
82
78
98
74
78
67
124
104
73
72
120
88
87
95
93
80
76
96
79
84
82
180
155
70
88
66
118
88
83
92
75
96
118
1301
65
95
71
91
93
73
76
73
73
78
82
74
87
76
76
93
210
71
637
137
67
87
127
71
70
72
87
91
643
86
75
80
70
79
85
71
80
71
77
81
86
99
74
86
111
70
69
104
82
68
103
83
93
117
79
76
81
201
70
70
88
79
70
76
90
73
83
105
88
73
87
74
87
77
71
82
84
83
75
89
78
104
75
70
80
75
77
85
71
78
110
618
71
81
78
85
71
76
109
85
81
72
78
88
70
95
83
95
82
87
73
83
80
77
80
75
79
75
88
74
79
78
77
79
98
75
80
77
114
71
81
122
90
131
79
119
75
71
81
105
80
101
87
90
79
85
71
77
87
73
82
75
72
75
118
79
96
84
69
85
72
75
83
75
125
89
76
74
74
92
75
85
72
75
76
90
85
98
150
98
99
75
66
96
85
69
86
75
74
72
74
92
114
72
94
70
78
81
77
73
114
78
78
104
77
79
100
76
72
87
98
81
93
81
83
67
92
85
96
78
99
73
78
83
1641
2034
92
74
77
74
89
81
78
74
82
70
71
80
102
86
105
80
68
85
90
69
100
67
73
119
69
91
85
81
69
88
86
77
454
78
84
78
73
76
98
95
112
90
81
100
85
85
81
119
77
77
123
74
76
117
75
82
80
84
75
78
89
116
89
93
89
85
102
73
76
71
71
81
75
72
92
74
70
83
615
102
87
81
70
77
73
69
75
96
71
79
79
84
122
86
81
80
79
76
94
82
85
82
116
69
73
123
101
72
77
109
70
77
76
78
103
75
94
86
101
77
83
76
75
81
73
91
117
83
77
79
108
88
112
93
72
133
73
84
99
634
101
77
67
84
69
68
65
63
88
66
71
70
68
65
64
69
80
81
67
65
66
78
80
70
65
73
63
74
72
82
76
66
68
73
72
65
107
261
102
74
72
76
142
108
94
111
91
72
74
71
120
77
74
84
92
76
75
129
85
69
85
71
73
74
98
86
88
87
642
75
117
97
79
80
1628
75
113
100
92
75
83
81
133
75
101
97
72
81
88
70
127
72
103
149
79
70
76
72
82
72
100
76
89
88
646
79
82
105
77
81
169
78
77
92
94
83
87
113
75
108
78
93
78
83
116
78
85
77
75
75
86
80
81
637
90
70
91
81
111
78
71
91
132
75
87
98
76
79
91
74
86
74
90
72
89
86
77
82
87
104
118
68
69
139
74
79
76
77
96
82
73
108
83
77
80
93
77
111
75
83
91
83
79
66
83
73
74
79
121
72
77
83
81
76
76
112
145
76
75
91
94
76
76
95
75
79
91
82
87
81
100
82
78
77
83
80
106
78
75
89
97
108
76
82
84
77
72
72
78
75
75
71
68
85
78
67
79
66
77
91
67
71
79
77
74
68
71
98
118
82
79
68
95
84
94
90
73
72
86
91
76
76
70
74
107
76
70
67
87
71
112
111
76
89
99
69
76
134
82
86
74
99
80
73
74
102
78
95
103
112
100
86
73
93
92
67
91
113
103
91
77
84
79
110
87
86
87
81
133
76
77
111
612
66
80
85
106
76
84
90
87
77
125
77
125
83
83
72
85
79
75
74
109
79
68
136
72
98
84
101
78
124
75
77
69
104
77
91
78
104
76
77
73
99
77
94
73
111
90
75
83
101
118
76
109
69
86
81
75
79
85
119
112
79
76
165
75
113
81
66
89
75
72
75
75
88
87
75
92
100
618
74
85
83
84
81
101
72
74
85
74
83
75
77
76
82
76
73
151
76
74
80
90
98
74
133
87
89
91
94
78
87
85
74
73
95
70
78
120
82
93
94
76
72
98
72
90
75
83
80
73
87
79
82
101
116
100
105
107
77
76
79
90
77
96
75
75
83
90
88
84
75
72
81
68
87
104
71
78
82
96
67
94
68
75
74
76
104
86
75
71
91
85
87
74
102
101
77
74
78
122
95
86
69
84
92
78
75
168
95
72
77
86
83
90
79
72
75
72
66
83
77
95
79
90
74
67
109
77
80
73
105
75
68
101
71
78
76
155
75
68
69
71
83
88
67
117
76
78
86
126
75
76
74
82
83
119
120
121
93
81
70
88
90
99
77
77
74
100
69
81
75
73
71
122
80
75
91
77
89
77
79
79
76
76
80
78
102
92
93
75
76
82
76
72
120
73
96
77
90
122
87
85
82
620
84
157
69
72
85
76
108
87
80
77
97
91
77
76
76
85
90
78
78
76
80
76
81
82
84
86
77
80
115
80
83
73
76
75
96
81
77
80
83
114
87
77
126
78
78
94
86
80
86
71
114
83
75
82
93
75
81
75
97
85
73
90
92
98
75
105
117
72
87
81
86
105
85
105
115
119
75
89
88
72
80
127
75
74
93
82
91
86
72
83
80
75
83
96
71
119
115
81
87
94
92
116
82
79
95
78
87
113
87
67
86
98
70
70
84
99
77
91
93
81
76
78
84
78
114
75
72
106
84
128
89
94
69
103
136
127
94
121
88
83
74
94
96
75
97
128
85
74
98
73
85
88
81
80
87
80
106
88
96
99
85
73
77
96
96
106
85
91
106
84
78
83
91
76
94
87
122
75
98
122
85
71
124
80
84
79
90
85
90
129
74
85
82
84
91
74
87
91
77
87
84
79
73
105
73
108
84
107
92
71
85
112
91
89
71
85
79
72
84
120
120
105
74
71
87
73
69
126
96
84
121
94
109
82
95
102
75
91
83
162
73
92
89
76
77
86
83
79
103
74
92
72
98
79
94
127
72
75
229
101
88
94
121
83
128
78
76
76
121
86
88
80
102
73
84
105
78
151
75
71
80
76
72
93
91
86
96
71
90
100
105
80
72
71
106
92
86
83
102
77
86
98
76
73
87
123
86
128
116
71
123
84
132
73
74
86
92
75
96
111
74
81
75
116
78
70
79
112
81
78
81
93
80
102
84
74
76
77
78
85
73
82
72
71
82
135
78
86
82
91
79
74
116
70
85
77
73
82
75
79
76
70
72
103
77
74
72
74
94
73
84
72
78
99
79
93
95
74
89
84
79
73
76
83
72
73
122
91
84
92
119
104
165
83
87
115
90
86
100
99
128
126
92
89
88
98
82
104
82
142
136
116
118
79
93
101
117
122
80
96
116
81
119
90
147
80
118
117
137
88
81
94
102
89
109
84
99
100
96
88
77
96
74
104
98
140
74
84
117
73
94
74
90
87
178
78
81
105
76
108
78
102
116
118
95
80
90
127
71
80
90
87
84
79
88
73
73
124
83
74
81
107
74
116
83
92
126
122
76
93
81
108
97
119
83
120
77
76
88
83
100
82
92
131
72
84
75
88
84
108
83
77
118
83
77
90
89
87
90
103
94
76
81
84
97
99
130
79
85
79
78
109
91
79
75
94
86
84
104
95
94
75
131
79
89
89
112
96
74
82
96
75
82
88
74
82
106
79
95
83
102
84
101
95
97
98
81
86
95
81
103
80
88
132
85
105
75
117
83
90
131
101
76
82
75
108
88
77
109
85
87
80
95
107
87
99
84
100
97
95
85
88
97
81
124
72
73
99
84
102
107
85
151
77
90
84
77
80
85
119
86
77
81
74
78
94
86
82
81
73
83
118
74
85
102
72
82
86
91
80
93
107
80
84
80
92
74
94
93
83
81
94
85
74
86
104
82
96
87
85
80
83
88
94
113
79
96
84
83
72
85
80
112
83
110
76
83
76
74
75
71
78
106
77
75
109
89
76
93
83
75
83
100
83
99
96
78
85
78
94
125
73
83
107
91
78
132
83
73
87
87
88
79
77
73
92
94
80
76
91
71
79
77
81
94
103
73
78
84
90
97
75
104
88
81
123
82
77
76
95
90
83
82
96
99
85
74
74
87
89
75
86
86
73
76
82
73
90
85
75
82
79
90
86
90
93
81
85
93
72
80
82
94
89
82
82
76
98
80
83
74
83
97
91
73
70
84
77
78
74
85
90
73
88
78
78
72
72
84
89
78
84
88
77
68
90
116
102
75
83
83
91
82
72
75
77
137
98
111
89
123
101
79
123
75
74
88
94
105
83
122
109
91
77
94
127
76
84
77
119
74
80
79
74
126
77
116
72
96
93
88
79
85
78
109
79
82
90
98
91
74
131
101
74
75
103
76
75
91
84
68
88
72
94
71
72
94
72
83
114
112
74
73
123
105
77
110
109
98
72
91
80
85
80
107
75
88
105
122
96
86
73
73
141
78
72
100
110
72
106
135
90
99
100
76
91
70
80
129
73
82
93
104
106
72
72
81
72
76
72
78
101
105
105
73
91
73
103
108
87
92
102
97
72
88
84
77
91
77
98
113
70
93
102
90
75
77
150
84
70
71
81
79
86
99
83
80
72
98
75
67
72
80
74
116
84
100
70
104
100
78
92
75
70
72
97
73
68
108
80
98
102
100
78
101
75
106
124
73
74
122
83
82
78
93
73
72
77
75
79
88
76
126
71
96
71
86
131
72
74
162
71
70
76
73
85
83
82
74
91
76
71
70
76
82
70
141
130
72
73
74
74
101
85
97
102
75
77
69
79
86
117
77
80
79
124
73
73
92
79
86
72
99
77
74
80
135
83
73
120
97
77
83
109
79
69
83
77
78
68
82
113
79
83
91
108
81
82
71
91
80
80
82
93
76
73
93
83
83
142
79
133
75
71
76
70
68
67
69
69
70
88
76
71
71
73
75
80
110
102
74
88
79
88
70
75
77
79
81
113
103
74
75
773
101
77
71
76
72
76
83
73
86
104
90
76
76
69
84
71
80
73
90
83
80
84
90
88
77
72
86
90
121
78
74
79
161
79
73
76
83
77
71
68
81
81
69
71
109
81
80
113
133
83
80
84
85
84
77
92
73
109
74
82
130
70
91
89
131
87
92
94
70
77
82
86
78
82
81
81
107
74
86
74
75
82
99
73
81
79
70
74
65
73
120
72
78
78
104
75
71
76
85
71
83
75
72
68
112
95
83
71
87
107
121
84
88
72
69
130
114
71
83
86
118
73
70
71
97
81
74
74
75
80
80
85
79
73
69
70
78
108
86
81
91
84
72
74
122
77
81
99
79
76
72
73
82
71
125
73
79
80
71
91
86
93
75
108
72
114
93
75
78
74
93
85
80
97
75
73
77
74
71
88
86
70
70
112
76
74
109
80
89
84
75
74
72
84
109
107
80
102
81
77
71
76
100
73
74
93
87
74
79
93
84
86
76
146
77
88
71
86
73
87
78
82
71
93
137
96
85
76
98
102
71
123
76
75
83
80
69
74
113
72
78
114
74
76
110
81
93
79
72
77
73
73
89
71
137
79
75
70
86
86
84
82
71
105
110
107
79
76
86
75
120
92
74
73
74
138
92
96
84
75
73
89
81
158
152
79
92
75
70
84
76
74
69
116
95
79
118
101
80
72
75
87
84
73
72
64
67
68
68
78
83
73
72
86
70
78
117
90
87
74
76
75
115
81
100
139
78
73
78
115
97
72
112
91
81
76
72
71
73
88
103
75
80
73
93
74
110
112
78
75
77
76
92
75
78
88
115
110
78
150
96
92
108
91
100
109
83
74
138
96
73
104
141
83
87
138
77
73
96
83
74
128
97
124
76
74
76
73
79
92
76
81
84
76
88
76
84
137
84
72
106
92
73
77
86
74
74
93
83
71
146
86
102
71
104
78
81
126
81
72
72
175
75
77
119
101
76
85
127
73
72
116
75
89
78
106
77
71
101
79
80
79
78
103
81
96
74
85
78
77
81
149
76
73
85
80
73
80
78
90
73
79
155
73
94
73
77
99
74
124
110
78
74
139
83
81
79
74
84
108
78
98
103
75
106
78
92
114
88
113
95
79
83
95
76
86
75
99
78
118
74
150
92
73
79
104
88
73
81
133
72
79
105
80
79
92
101
73
96
101
118
71
128
74
81
78
141
103
80
81
77
112
78
117
74
72
133
103
95
116
74
100
77
171
77
74
104
113
74
82
73
73
152
83
76
103
153
89
98
106
112
84
120
115
119
76
123
133
154
82
140
162
77
87
90
74
87
96
79
139
72
81
143
82
78
73
73
81
88
85
74
151
96
71
92
91
149
77
142
75
84
82
72
72
108
122
110
74
103
76
80
135
91
74
73
143
112
82
74
120
81
82
131
93
80
69
67
103
77
74
96
90
83
74
70
93
87
75
83
73
77
77
130
80
92
73
91
73
133
74
89
89
66
296
72
76
82
91
80
83
73
77
71
100
78
85
72
80
121
114
75
75
116
75
103
139
97
79
85
116
77
70
162
121
73
83
195
81
73
74
132
70
76
96
76
72
72
73
88
78
87
135
74
78
95
99
76
91
149
77
83
74
119
84
83
73
106
88
76
91
86
162
102
99
74
82
72
91
88
83
89
147
94
91
80
76
101
93
151
89
82
76
78
83
84
120
84
86
84
89
127
88
88
153
107
91
118
91
73
77
141
174
81
88
117
79
159
76
73
76
115
73
86
97
77
91
77
87
116
83
96
84
100
83
77
98
74
81
146
88
73
81
99
133
82
88
81
75
79
92
198
112
84
92
74
77
80
127
73
89
98
87
86
96
84
81
77
76
94
81
82
86
91
77
80
75
81
78
78
96
72
79
150
90
72
87
92
72
284
86
81
79
74
160
78
75
95
75
74
80
88
74
80
166
85
75
129
94
76
84
128
81
73
111
78
98
75
81
77
101
95
123
111
78
81
83
91
91
82
181
78
73
78
76
83
87
102
114
77
88
164
73
71
70
123
76
77
102
80
84
149
86
82
188
116
81
86
78
78
121
178
90
173
89
89
76
86
72
95
99
78
75
81
264
92
75
105
125
92
86
155
102
94
84
77
122
75
88
85
125
79
81
131
80
75
86
73
81
74
73
87
159
79
86
104
81
138
83
127
74
75
92
151
125
126
75
125
83
83
93
77
74
81
78
102
94
81
75
74
75
76
86
267
93
74
99
127
77
113
202
82
75
105
116
83
73
79
89
78
77
138
93
79
151
79
73
75
75
80
98
133
79
84
74
124
130
83
86
78
76
82
74
108
85
110
83
83
72
77
83
82
148
76
85
163
72
83
86
80
93
137
79
72
99
110
85
132
78
73
76
86
75
105
80
140
81
87
94
87
104
76
78
72
98
77
194
149
79
77
73
95
131
75
83
72
134
134
91
76
85
80
86
83
88
92
109
113
98
86
121
91
84
137
84
74
90
75
93
82
101
144
151
98
81
91
102
135
81
80
99
98
82
167
97
81
122
117
73
75
80
86
135
108
75
141
132
86
74
127
88
99
90
97
83
126
107
72
80
89
100
80
155
76
84
112
75
82
131
76
80
79
95
82
95
78
86
121
139
77
80
154
73
92
85
87
138
76
82
223
202
94
161
85
76
90
264
95
184
103
108
72
181
79
75
101
85
77
120
85
136
86
87
105
107
81
101
167
110
101
98
79
87
90
76
92
101
97
83
96
127
111
85
81
72
72
77
91
79
102
92
79
77
151
268
109
89
173
82
99
138
78
80
133
76
95
127
99
100
91
140
80
132
74
89
164
88
98
139
130
89
110
122
77
92
78
85
74
171
96
75
144
107
94
76
83
80
115
151
95
82
87
79
88
87
112
89
74
92
113
78
74
81
77
72
78
116
142
79
102
79
84
72
98
83
97
75
98
77
143
84
113
93
94
113
73
88
81
79
78
76
160
73
85
80
151
75
113
76
76
95
103
130
141
83
97
87
99
340
75
79
102
133
149
154
75
91
90
145
98
113
85
141
80
99
111
127
76
75
80
85
86
136
83
94
114
96
109
84
88
83
98
86
153
92
88
171
90
146
94
121
94
90
152
75
153
80
92
154
74
112
137
96
79
101
88
82
90
156
105
86
137
86
102
83
84
81
84
95
98
110
99
81
113
78
78
102
109
91
129
99
74
86
147
91
97
82
110
95
108
118
114
76
90
136
111
81
90
86
74
87
100
93
98
111
83
76
104
101
112
86
115
79
103
75
76
90
149
94
123
83
96
81
122
152
79
103
83
103
128
154
113
156
1623
101
95
84
93
96
170
99
99
86
81
102
100
141
89
110
75
79
89
116
92
106
87
113
88
105
96
102
102
122
88
74
82
158
83
91
100
82
95
98
86
77
123
89
100
87
103
164
156
101
127
95
132
111
82
1642
76
105
92
90
92
212
75
229
69
97
125
88
75
134
89
73
76
93
85
84
85
70
98
104
81
143
108
101
109
76
120
119
110
109
83
76
137
97
75
87
118
87
75
101
110
71
158
69
142
86
97
114
89
121
86
81
80
86
128
96
626
91
109
85
75
69
80
87
124
114
77
89
83
75
105
1684
99
113
93
145
95
75
82
130
110
86
82
153
85
90
78
147
110
73
89
127
78
75
135
98
94
113
129
79
101
115
82
133
96
139
103
79
89
86
119
76
142
75
114
137
75
78
116
75
106
84
74
97
70
128
155
79
138
75
77
144
76
66
103
126
84
127
74
88
114
73
86
112
68
75
123
90
86
162
72
73
162
123
79
86
177
76
78
80
191
92
135
100
82
132
94
76
96
88
113
133
114
3082
72
109
96
89
629
130
94
122
85
619
87
75
85
83
96
77
86
72
75
143
98
196
98
154
77
95
175
97
221
79
81
625
96
83
80
81
182
78
88
182
86
93
87
151
81
100
76
1087
93
102
91
91
88
88
70
78
84
128
67
101
74
144
85
78
70
82
79
125
106
107
86
74
86
99
87
131
76
137
137
72
106
72
114
97
161
79
99
117
172
76
81
129
675
77
88
119
82
94
83
123
81
122
86
99
70
76
120
178
80
214
103
71
92
647
105
103
75
92
83
79
73
114
112
81
74
122
88
78
102
80
153
70
167
98
98
92
93
76
73
108
136
79
84
84
658
82
119
82
97
82
84
85
131
92
87
154
79
85
92
91
104
111
153
1222
86
78
140
625
82
93
173
90
1692
87
73
75
80
79
82
99
100
78
177
77
699
107
153
68
109
98
81
75
101
156
88
145
103
84
653
73
79
89
162
82
126
111
71
101
84
71
119
649
82
72
179
72
93
103
119
83
69
123
100
88
100
90
91
109
84
126
84
101
89
78
77
105
143
81
115
76
76
77
76
157
89
79
129
90
163
88
79
107
101
73
106
99
123
78
105
106
86
116
138
86
78
108
72
136
82
140
77
112
74
70
82
86
108
74
132
84
89
149
78
75
143
87
79
131
238
69
73
120
75
110
81
73
77
79
72
71
113
78
137
93
112
111
133
100
73
71
91
79
81
111
81
111
72
157
76
72
144
112
70
105
98
150
149
105
130
74
115
105
138
82
78
117
151
75
86
82
81
655
81
79
131
115
72
96
137
94
84
75
150
125
627
110
77
110
154
81
69
117
100
113
73
81
107
80
79
112
77
99
131
71
74
565
113
80
85
87
85
94
125
74
80
106
145
122
76
80
81
126
93
94
71
84
137
80
1490
98
86
73
647
123
79
74
94
70
75
89
112
105
99
75
84
85
78
73
88
135
114
116
79
117
75
109
117
107
85
85
69
104
74
113
83
76
75
99
78
74
119
85
76
90
87
104
79
118
91
75
90
95
83
84
77
82
93
89
80
84
102
96
91
119
112
108
84
97
67
75
84
81
71
98
80
92
75
97
88
81
92
87
76
112
75
80
86
92
75
82
88
94
73
106
81
97
132
99
94
91
88
73
87
101
98
73
101
100
81
78
80
78
81
99
94
76
84
82
108
84
73
129
82
76
82
78
93
87
99
98
104
134
83
82
119
74
82
81
74
81
77
86
135
79
70
110
70
88
133
76
82
131
73
94
116
108
78
72
91
101
88
74
72
93
81
124
71
76
110
75
72
101
89
83
74
89
111
87
110
96
89
78
102
70
117
106
81
88
76
105
73
88
634
93
79
114
642
72
83
93
75
130
84
92
114
71
91
96
95
131
74
88
73
95
92
106
82
73
158
136
74
86
109
151
76
92
98
126
82
83
84
74
87
156
82
76
103
81
73
79
79
74
84
101
83
90
87
84
88
79
107
97
82
76
93
77
112
75
84
108
76
81
113
105
82
76
76
73
100
79
87
97
100
93
111
81
95
147
71
85
94
79
95
89
73
77
90
112
80
103
101
70
119
86
68
113
88
80
76
87
103
80
98
128
118
66
74
76
82
105
90
73
103
80
72
99
89
82
98
78
109
81
75
72
95
66
95
135
120
95
95
106
99
89
82
76
79
77
86
131
121
93
90
87
88
77
82
83
81
77
133
75
88
106
100
82
91
76
92
81
69
84
82
112
83
71
76
125
77
99
133
126
76
85
75
128
94
78
125
97
74
90
98
79
84
91
80
78
117
155
99
92
81
75
112
80
125
79
107
94
188
91
87
80
90
84
79
177
122
84
88
89
146
81
107
129
105
95
97
82
83
118
105
79
95
99
99
130
125
122
119
124
92
110
83
92
115
93
120
127
79
95
118
95
90
113
85
80
83
86
123
91
94
87
91
96
99
81
140
81
122
101
77
86
122
105
122
75
150
107
73
90
96
167
118
150
135
111
79
169
83
102
101
99
139
87
124
93
87
87
110
88
133
82
172
124
83
111
83
87
115
112
120
112
91
103
82
104
105
93
130
88
102
98
115
84
87
135
105
87
83
99
88
79
82
82
107
142
97
101
82
181
83
90
99
74
90
96
91
84
128
77
110
98
113
85
114
86
78
121
101
88
124
122
112
139
107
98
81
101
78
87
122
123
137
106
83
86
73
164
88
102
142
91
115
142
85
81
85
97
93
79
115
162
136
126
117
110
122
86
106
103
107
120
104
87
89
80
94
122
90
80
92
80
152
87
129
93
91
92
84
82
97
114
96
148
95
123
73
96
80
86
107
114
180
89
85
131
83
79
133
79
104
121
116
141
132
117
82
83
89
188
127
119
101
144
89
75
84
89
104
97
128
83
158
93
76
104
82
86
107
84
84
172
159
100
87
95
130
115
195
112
125
120
74
86
125
97
143
134
162
115
112
95
117
108
104
84
643
138
105
82
79
159
85
113
101
158
93
1629
81
98
109
152
85
110
180
88
123
92
93
98
96
108
138
149
77
104
100
99
77
111
83
103
159
81
1531
118
121
101
89
98
129
85
108
137
160
129
90
86
93
116
172
100
145
156
132
160
164
75
87
82
130
104
83
143
72
136
129
86
128
79
142
163
74
83
81
136
105
95
76
108
111
98
138
98
80
82
81
99
101
171
136
100
171
107
87
127
128
1458
70
81
105
120
82
103
71
66
96
77
106
71
75
77
67
94
69
69
80
67
121
81
127
84
71
74
110
71
68
83
211
83
70
68
74
111
81
64
68
99
66
150
71
63
72
142
76
73
68
135
81
66
69
71
107
108
67
73
84
100
68
78
96
69
119
96
74
62
159
100
77
67
71
91
92
73
66
68
77
69
124
73
81
75
114
81
109
70
67
112
88
69
68
97
96
79
66
69
69
117
131
92
69
72
80
75
81
106
67
115
68
71
95
80
94
77
76
99
68
64
70
84
68
67
100
66
83
77
69
90
90
137
74
66
74
112
79
68
96
119
73
69
74
71
64
88
91
67
128
68
90
73
63
75
67
96
69
68
83
66
69
67
77
78
79
67
90
132
89
91
69
77
77
65
64
110
68
64
75
72
68
100
63
78
68
63
92
66
64
71
75
68
74
66
69
66
67
64
65
63
75
65
70
107
65
69
69
74
68
74
66
67
65
108
72
74
69
97
134
98
102
97
77
96
101
149
83
78
118
103
72
62
87
67
116
94
83
88
89
74
101
131
112
77
69
77
104
87
117
106
76
81
107
124
84
78
99
76
110
77
92
99
128
80
110
78
86
125
148
86
82
105
143
99
86
183
84
91
151
82
78
98
75
76
98
76
82
74
159
74
72
76
109
74
88
84
187
84
94
84
74
79
80
126
81
163
82
95
79
123
112
127
69
77
101
93
93
77
102
77
82
94
77
93
90
67
77
86
107
81
81
84
96
74
82
72
80
82
85
75
75
83
92
85
78
71
79
120
72
94
104
153
68
125
91
77
69
76
76
83
79
106
77
94
90
78
74
90
75
91
92
93
91
88
92
79
83
85
88
110
83
88
82
87
81
71
81
104
81
73
115
87
77
91
84
84
87
115
73
75
82
74
130
70
86
82
112
75
88
72
75
75
102
124
84
101
77
96
73
230
138
86
79
89
162
98
79
96
131
73
67
91
72
119
77
118
91
85
106
74
126
81
101
70
87
76
85
76
93
82
74
82
82
136
635
76
78
74
77
127
76
83
78
77
90
95
97
72
89
88
93
117
80
95
99
100
109
87
84
92
82
108
113
95
80
79
98
85
101
1087
84
73
72
74
81
82
90
82
96
87
76
179
117
78
102
101
95
70
75
102
81
105
631
104
75
104
95
2639
733
73
74
76
76
70
75
74
72
114
86
137
81
73
81
94
75
71
123
101
76
74
119
143
98
75
73
77
78
93
77
94
73
88
802
90
1643
72
97
104
91
101
75
88
71
97
76
82
87
77
101
90
77
82
79
78
70
97
102
616
105
100
89
82
103
102
72
87
116
100
91
78
70
76
88
132
151
79
80
85
104
75
78
84
107
107
83
88
100
96
78
101
91
88
2622
2197
86
74
72
97
151
73
90
93
74
68
82
80
120
91
76
78
93
83
85
73
81
130
85
77
86
111
82
75
167
82
124
78
131
96
784
93
111
85
83
84
74
81
95
80
76
80
78
79
85
103
82
128
98
112
85
80
156
79
69
111
89
82
98
70
355
1131
93
72
96
88
109
76
118
103
75
88
88
85
72
101
98
77
136
85
130
86
101
110
84
126
79
106
75
87
86
628
721
155
83
105
108
77
86
90
73
75
76
82
92
71
96
84
83
77
67
110
89
74
72
79
84
84
110
2619
67
71
75
86
76
69
242
87
71
91
89
96
75
90
76
77
91
103
76
99
77
83
2634
96
93
90
99
69
91
78
75
103
1614
81
81
74
137
74
88
88
93
108
88
100
75
91
92
80
75
78
92
79
118
67
85
96
83
78
98
95
76
112
74
1533
100
84
72
85
87
72
103
74
84
81
78
92
97
107
79
80
97
101
77
88
99
133
85
101
115
76
73
3635
84
105
118
100
83
90
83
111
109
78
73
91
82
76
76
101
74
105
75
98
118
83
83
204
75
123
133
67
80
76
105
87
154
663
75
1651
88
153
81
76
109
157
85
92
87
71
71
127
131
79
70
79
171
98
171
74
108
80
123
70
78
98
2337
79
77
89
91
80
101
75
70
106
77
78
96
82
85
80
81
86
71
136
118
107
76
88
139
92
112
77
93
80
85
145
71
72
106
77
87
103
87
79
77
85
75
153
86
90
203
92
80
100
176
119
89
88
93
75
71
75
109
87
136
85
77
80
76
116
74
75
71
82
146
81
73
86
74
95
88
97
105
94
174
73
83
101
73
104
76
78
79
123
75
73
72
95
124
77
73
72
118
93
184
92
71
70
77
97
100
73
72
73
70
102
78
80
114
76
106
83
73
73
81
87
75
92
76
75
94
72
80
133
75
70
73
89
72
123
89
100
90
95
127
72
78
108
132
95
104
86
77
108
68
91
74
74
82
81
72
87
77
89
111
95
71
76
103
86
145
103
200
73
82
82
329
134
83
88
154
80
73
104
128
70
90
119
75
144
123
72
170
74
2542
62
241
95
184
74
112
66
64
117
94
67
69
94
132
72
88
71
118
102
78
73
98
70
75
95
86
85
80
129
77
86
108
85
78
80
92
95
88
146
71
72
75
89
98
82
89
73
68
103
86
93
113
76
128
71
81
82
86
78
117
83
96
108
106
108
73
79
93
145
131
91
72
69
113
74
70
138
112
78
118
72
95
126
89
127
102
75
1657
84
94
98
86
101
130
72
70
68
86
73
69
72
67
77
93
72
84
72
74
75
74
77
75
75
75
105
77
76
95
79
74
69
75
73
74
70
143
76
70
69
107
77
72
71
83
67
73
75
91
74
76
76
77
71
75
84
82
77
74
103
69
75
77
69
80
71
78
72
78
82
76
92
78
72
74
73
74
77
77
72
91
83
77
77
71
82
83
78
77
75
76
91
97
75
73
69
98
71
80
77
72
74
70
94
81
87
93
85
69
71
73
76
75
68
75
72
74
75
77
75
72
81
73
73
72
81
74
74
76
72
69
458
81
70
84
71
73
85
103
76
71
75
76
73
72
84
75
77
72
71
94
92
72
74
73
91
91
77
72
81
110
72
71
75
75
79
83
96
69
68
73
85
73
72
78
72
88
74
71
83
80
76
73
72
82
76
91
71
70
78
85
72
72
80
76
88
70
91
74
85
70
87
82
74
73
69
81
77
75
75
88
72
92
74
85
86
69
74
80
76
73
83
71
72
79
88
73
74
71
83
69
70
74
70
85
79
71
81
77
71
77
75
77
72
77
77
75
88
76
73
84
70
92
79
80
72
80
85
78
69
69
78
98
75
96
71
73
76
83
74
73
77
69
76
72
73
94
69
78
80
85
73
76
71
74
79
74
74
86
81
79
74
73
77
98
76
74
72
72
73
71
77
75
74
71
80
73
70
78
69
94
78
75
75
82
110
73
84
82
75
72
82
70
74
87
73
107
72
72
85
86
71
85
87
73
77
101
76
74
87
79
80
74
81
71
80
76
78
92
86
76
79
95
81
75
84
80
78
100
71
70
83
80
85
74
82
96
76
81
79
85
78
70
89
71
94
80
72
81
107
73
68
101
72
74
81
78
112
81
89
78
74
110
74
72
80
82
81
71
80
149
83
68
73
80
72
89
74
84
82
76
2616
1976
82
73
73
85
73
92
70
71
90
84
74
74
75
69
75
70
73
72
84
85
73
87
77
75
78
86
74
69
82
2231
71
78
102
85
85
74
85
75
75
81
73
71
84
100
84
72
97
71
78
85
72
71
96
75
87
78
78
97
2614
428
96
76
73
72
88
70
82
70
103
83
94
73
74
70
76
84
72
88
80
75
74
76
83
72
72
81
70
75
70
84
83
1616
578
72
82
76
81
71
96
71
73
76
78
74
68
70
71
72
71
70
94
85
71
72
73
70
77
82
76
90
96
71
70
1780
76
83
70
74
82
71
70
74
71
70
70
88
75
70
68
72
97
77
76
81
81
73
73
80
90
74
74
80
140
114
73
75
81
100
90
122
82
77
72
127
85
90
78
88
72
78
98
71
92
76
86
95
78
75
72
75
92
104
76
119
103
113
93
90
78
78
107
83
79
72
68
114
83
85
70
614
90
96
73
72
72
81
97
76
80
82
75
82
92
81
79
99
69
85
87
87
81
88
79
92
75
82
81
97
89
84
119
104
84
81
70
73
70
79
76
81
72
73
87
110
74
78
81
75
79
84
94
83
87
77
87
90
121
81
74
139
83
70
91
88
76
78
639
78
80
85
74
72
75
77
75
91
77
85
82
68
104
97
80
126
70
67
124
86
71
75
83
82
75
82
81
73
84
79
77
81
76
69
95
107
76
76
73
137
88
73
90
75
78
96
78
90
85
78
95
83
72
71
78
80
76
95
79
82
73
73
83
96
71
103
91
79
74
72
93
86
74
99
80
81
71
76
84
99
106
79
107
84
76
86
82
84
94
75
97
89
78
71
76
86
76
88
78
76
86
91
131
78
88
89
85
75
98
88
78
70
77
82
90
83
78
107
97
70
69
103
82
80
99
75
76
80
78
89
99
73
73
89
79
90
77
81
101
95
107
77
74
91
79
81
78
113
90
80
130
75
82
73
73
74
93
86
80
81
111
76
76
143
75
81
95
88
86
83
633
76
81
78
78
112
76
73
80
78
77
80
82
75
73
91
71
90
70
73
87
70
84
82
69
75
75
78
74
77
101
75
89
68
85
84
72
68
76
74
86
72
80
71
74
84
75
68
75
70
95
71
77
76
98
72
108
93
80
121
70
69
80
76
86
79
72
76
81
124
79
74
74
81
75
72
77
72
79
77
131
84
78
78
79
82
69
79
109
72
94
71
72
75
71
82
89
70
99
78
74
88
73
70
78
94
79
72
79
84
76
76
72
113
77
71
94
74
77
107
96
74
75
67
79
71
78
83
88
89
75
73
95
73
76
76
153
72
74
88
71
76
81
71
71
71
78
83
70
71
96
85
77
92
86
80
71
76
93
77
68
85
77
94
83
83
83
97
70
80
82
77
80
72
64
84
77
93
76
78
74
98
75
70
81
71
70
76
78
81
89
74
79
83
103
87
69
115
79
72
93
88
70
68
76
67
62
70
69
89
76
73
76
116
79
77
71
76
133
82
72
75
76
73
84
70
73
75
79
70
74
77
71
68
94
77
79
75
75
88
76
73
81
98
70
84
86
97
73
85
81
95
79
78
77
118
76
76
96
118
68
81
70
74
73
74
75
73
74
71
73
84
69
72
68
89
75
109
85
79
72
88
97
88
77
71
78
96
75
89
78
82
86
71
71
82
71
69
90
91
79
75
253
125
83
76
75
77
81
76
75
125
87
75
146
87
70
76
335
82
106
89
76
74
77
73
78
1625
68
77
75
74
176
71
94
93
77
76
74
75
81
78
78
615
68
82
100
111
72
83
95
94
69
95
75
74
69
91
85
74
77
95
81
77
72
90
71
78
82
97
72
74
87
108
77
70
76
77
86
91
72
70
102
126
82
71
89
89
70
90
83
93
73
75
72
98
91
110
77
84
91
90
78
84
91
81
91
67
83
71
74
109
137
79
96
93
84
80
85
77
82
86
83
87
79
72
75
121
85
86
93
78
92
84
118
71
93
79
79
73
117
85
88
105
103
76
92
73
74
77
101
87
80
145
99
81
79
74
81
69
79
82
88
91
80
90
106
77
73
79
82
82
91
85
79
75
82
74
79
90
90
118
70
75
80
102
84
71
86
114
101
76
82
70
96
84
76
74
83
84
71
87
96
74
72
88
82
81
98
111
85
72
89
84
108
71
80
81
87
71
85
73
83
78
81
76
71
75
115
114
78
108
89
83
101
96
89
80
69
114
82
90
90
99
76
96
76
80
113
100
80
81
80
78
75
78
81
74
78
98
83
83
113
86
84
80
106
69
88
71
85
84
83
80
73
68
70
100
80
86
95
121
117
121
91
98
108
88
75
76
76
86
89
84
89
124
122
107
78
80
73
85
71
86
76
105
85
71
79
80
123
75
100
76
79
73
90
101
98
75
87
84
80
89
83
116
78
87
135
73
78
219
81
106
78
121
105
77
101
86
72
77
92
77
77
621
74
110
119
73
75
100
75
98
152
81
86
114
79
83
75
119
81
80
75
79
80
107
98
84
74
87
83
111
88
85
110
70
86
89
104
74
137
155
106
108
89
93
89
99
81
79
79
92
79
92
92
76
98
88
82
78
71
81
75
88
96
71
83
72
91
74
89
79
84
92
82
91
79
86
79
71
118
116
72
109
144
87
100
101
87
75
77
113
73
112
76
88
78
121
91
81
93
84
77
120
99
77
98
82
102
88
106
75
96
114
92
77
100
126
74
88
103
79
81
85
102
142
80
90
101
76
72
78
73
77
87
85
95
83
81
82
105
72
72
81
94
76
94
80
77
79
78
83
77
71
92
76
74
76
81
73
89
93
80
73
634
97
67
76
72
86
95
70
116
83
70
72
93
98
72
75
75
103
78
71
76
74
81
97
75
69
87
81
76
114
73
87
83
69
132
83
77
78
80
86
140
75
71
97
1022
73
96
74
74
86
82
81
80
98
121
76
85
79
83
77
69
94
83
112
73
76
74
73
87
96
80
65
78
95
99
77
73
71
73
73
112
109
86
72
102
93
71
95
102
90
73
77
105
80
78
120
88
71
83
107
82
70
85
89
74
76
70
70
86
72
71
114
71
107
90
78
92
79
70
77
130
76
77
77
141
71
75
74
122
109
78
77
78
140
77
80
77
100
114
74
82
87
105
72
73
81
73
117
153
82
94
99
92
92
74
142
74
87
83
92
71
77
86
82
79
74
103
90
71
108
85
74
71
72
95
76
84
87
80
72
72
87
94
89
82
76
83
73
78
81
85
94
87
77
107
86
73
83
75
125
104
76
75
76
74
76
87
74
93
80
77
78
103
77
95
79
80
77
87
83
71
80
78
94
94
72
93
70
84
80
117
81
69
96
83
73
72
82
79
89
81
80
79
71
96
83
83
95
87
76
77
73
97
72
87
76
116
94
82
87
80
97
112
76
83
84
74
67
71
73
81
73
81
85
70
81
108
110
74
75
89
88
76
76
84
76
84
83
90
91
109
71
71
86
91
73
70
89
78
82
71
79
77
91
96
75
78
89
76
76
126
75
139
86
77
79
74
72
81
100
113
81
72
83
74
70
104
77
97
74
89
75
142
95
93
101
83
130
80
86
79
71
162
75
73
99
92
103
90
81
75
70
74
94
102
73
87
70
74
84
73
100
94
110
82
71
139
75
79
80
81
134
76
75
96
77
74
77
82
85
77
79
72
71
71
70
74
80
81
82
70
84
67
96
87
76
97
84
80
85
75
80
90
73
81
118
84
75
73
73
142
142
82
80
74
71
90
78
76
97
76
72
90
83
90
71
2624
72
91
73
87
131
76
73
297
79
72
76
87
74
154
104
73
95
93
129
107
100
99
83
88
79
122
168
79
74
87
77
71
109
113
70
87
75
77
72
103
83
104
83
81
70
74
94
83
123
73
91
74
100
79
78
83
74
74
122
75
71
105
73
85
89
80
92
80
89
72
116
132
75
67
98
72
85
77
177
72
70
86
136
71
81
77
68
72
89
77
84
72
84
98
79
84
69
98
107
71
94
72
77
95
72
77
73
75
126
84
75
74
73
85
69
77
77
142
70
70
82
77
75
71
83
83
114
74
74
72
77
77
106
128
81
104
73
70
80
83
89
106
83
79
92
84
125
82
74
103
73
72
153
111
80
75
83
75
89
71
140
128
69
129
73
84
75
81
74
83
80
91
72
109
80
93
77
89
77
101
79
106
101
75
78
86
148
111
73
87
87
104
133
118
108
90
113
102
119
1042
109
103
108
92
90
124
83
82
101
91
92
86
121
94
103
119
89
114
90
85
88
76
83
86
94
82
87
74
99
112
76
78
80
99
85
74
74
71
76
107
83
75
83
80
91
76
127
72
75
89
86
101
72
91
86
79
77
77
88
102
71
75
97
74
74
105
104
77
70
69
95
79
72
78
83
76
86
75
71
119
75
70
95
103
74
73
82
102
82
89
71
103
75
75
89
71
99
82
91
76
73
80
83
85
88
85
77
74
77
84
157
80
75
82
89
84
70
78
77
86
71
111
81
76
69
78
87
72
93
70
71
94
87
77
72
83
71
77
72
76
78
75
71
74
80
86
91
71
69
72
78
113
98
75
80
76
76
103
71
75
80
73
75
70
69
69
70
74
81
93
82
101
70
82
74
75
73
105
70
106
86
75
73
104
86
84
77
73
155
75
77
79
75
80
81
80
96
97
78
96
71
84
84
89
84
94
89
83
85
88
78
97
67
96
87
107
90
72
92
71
82
86
84
78
124
94
93
74
142
69
77
91
102
73
106
72
101
79
80
78
78
94
77
75
71
69
80
83
78
70
93
72
73
75
103
85
67
131
74
79
74
84
70
71
74
84
85
86
85
79
71
103
79
91
82
72
75
76
73
74
75
75
73
76
83
79
76
84
78
73
71
72
95
72
108
75
74
100
82
70
70
92
208
74
79
72
77
87
72
93
84
73
82
102
82
71
78
72
70
89
78
76
68
68
85
66
66
79
637
115
70
83
87
71
73
90
119
77
72
131
122
85
70
77
103
84
74
71
90
72
118
73
139
69
70
92
81
90
69
75
81
70
76
171
79
71
72
78
74
78
74
122
94
67
71
78
76
71
70
87
69
92
102
68
78
69
68
76
85
74
73
97
139
93
72
71
70
66
74
83
72
68
92
80
68
68
73
125
70
64
107
70
79
67
80
89
97
69
77
80
80
88
84
117
72
78
88
83
110
105
68
74
71
71
73
92
69
72
79
82
74
69
79
72
92
81
1253
72
70
74
69
71
85
86
73
644
70
99
80
82
71
69
65
66
66
74
83
71
71
76
77
73
74
75
73
83
149
89
76
82
79
81
87
90
72
69
71
95
76
67
84
83
73
90
78
76
75
70
76
91
78
70
70
71
73
70
76
80
84
101
84
78
82
74
94
80
79
73
73
75
70
70
84
88
71
75
78
87
69
79
90
71
75
79
85
96
70
68
100
82
87
88
74
70
79
68
72
76
79
72
100
78
90
71
77
66
69
82
72
67
71
94
77
75
72
79
77
76
89
74
71
86
123
75
73
82
71
77
76
87
93
78
79
85
83
73
84
106
103
115
2668
76
102
85
73
76
82
106
87
84
72
76
76
86
117
74
77
94
96
73
72
105
112
121
69
116
94
70
71
107
70
77
86
74
73
76
71
70
69
116
68
76
87
90
91
91
79
76
76
146
77
87
71
126
70
115
77
92
80
77
122
103
71
74
102
75
93
87
91
93
88
138
117
72
100
77
73
96
126
71
89
96
78
72
96
72
87
83
78
71
81
77
74
73
87
75
67
73
100
70
100
78
67
65
98
77
72
92
94
86
102
92
85
117
78
73
75
74
132
81
77
137
69
82
94
72
75
119
72
108
77
77
87
70
154
72
68
77
120
92
78
84
92
124
74
75
90
106
88
78
109
102
116
81
116
96
108
75
111
77
75
74
90
117
71
76
123
79
79
83
74
76
71
81
114
71
75
81
74
81
75
90
83
72
83
77
76
72
79
72
73
139
80
84
82
70
85
76
81
83
75
100
75
84
79
140
70
79
85
127
74
104
87
78
83
125
74
107
97
75
91
71
93
158
70
91
83
73
114
93
71
84
110
74
86
112
75
86
70
109
112
94
80
79
88
97
80
84
104
151
72
97
98
93
79
73
72
85
79
80
87
109
86
73
100
79
94
71
98
78
78
88
73
73
83
76
80
75
77
118
100
80
99
78
73
83
76
72
116
84
77
73
76
82
76
75
82
78
87
77
92
76
78
73
93
77
72
80
75
73
76
80
77
74
74
98
85
74
106
75
71
91
126
73
74
97
75
122
102
92
79
76
73
98
88
118
79
83
139
113
82
103
90
92
100
78
106
76
82
79
82
146
82
93
71
131
87
123
98
95
75
73
86
87
72
73
114
71
73
75
76
76
115
80
144
83
76
77
96
73
72
74
119
111
76
90
106
73
72
93
138
96
73
73
141
112
73
88
114
73
121
87
74
116
81
89
115
85
94
71
84
103
76
88
94
72
132
79
73
185
89
101
79
87
119
84
82
108
110
75
84
99
73
75
155
76
94
132
77
74
147
84
79
78
128
112
104
103
145
72
83
116
79
169
70
73
148
133
91
96
88
84
82
84
77
116
83
90
90
72
84
76
88
79
81
164
86
70
73
166
74
131
127
84
78
92
78
93
85
99
90
157
76
129
132
78
85
96
79
132
89
95
92
76
86
72
105
89
103
86
102
79
75
81
89
75
114
83
119
105
79
90
78
84
80
137
106
100
87
74
107
78
118
156
73
79
101
104
93
95
77
150
95
115
85
105
72
81
123
78
123
162
75
80
90
132
81
108
85
109
85
75
79
127
93
79
106
70
68
82
79
75
103
78
122
80
84
118
90
79
91
76
106
82
80
96
76
112
80
77
92
101
83
91
75
86
112
104
92
81
82
80
82
94
86
87
75
91
90
80
100
74
133
71
92
77
72
74
93
74
128
77
100
91
91
76
93
122
78
84
80
76
76
104
77
82
96
76
74
100
138
75
73
78
75
113
123
113
73
76
81
82
122
106
85
94
92
109
80
77
92
73
90
76
85
132
80
78
78
132
100
124
72
74
76
73
77
86
83
75
71
81
84
77
102
84
96
74
94
94
72
93
86
77
95
75
89
120
77
75
83
131
78
94
82
75
111
77
77
116
75
82
130
90
86
78
96
77
118
75
92
87
76
84
83
146
89
81
87
90
71
124
97
88
80
81
82
114
81
73
152
88
85
97
72
80
86
103
74
73
80
82
82
74
75
117
73
89
79
89
89
81
79
104
75
72
89
80
88
100
74
76
81
83
74
89
81
101
72
78
119
92
74
85
84
79
86
100
78
72
79
91
73
84
94
103
85
80
94
80
93
104
75
77
81
94
75
102
87
77
71
93
99
114
76
72
89
76
73
79
83
75
74
81
76
78
107
94
87
134
78
73
82
76
78
100
100
80
145
88
71
77
90
79
98
84
82
72
78
111
69
71
91
94
84
154
79
84
115
77
87
84
71
77
88
79
73
77
115
73
75
130
94
77
87
76
74
81
107
76
72
98
98
71
102
73
79
84
77
84
117
89
79
