178
190
230
246
222
224
208
202
210
226
246
302
231
215
191
189
185
182
297
218
186
180
182
256
208
195
253
191
207
186
188
178
181
214
183
187
203
206
182
190
181
229
217
213
183
262
194
178
198
192
208
180
207
184
288
215
180
205
183
201
220
202
238
207
183
187
190
203
192
199
207
211
183
194
237
184
355
291
197
190
193
186
210
183
200
197
190
198
188
266
215
196
209
234
230
194
187
190
260
193
213
205
188
219
184
249
230
181
223
189
205
202
209
184
190
203
211
272
194
202
185
309
192
183
191
218
232
233
211
191
189
216
197
196
222
223
220
208
227
214
194
201
183
219
220
199
193
272
193
220
226
180
197
221
188
185
191
192
232
214
184
209
215
200
213
182
205
203
278
189
213
193
196
202
198
221
188
203
191
260
184
195
256
192
200
194
207
200
210
187
210
198
204
269
191
309
189
329
198
218
217
272
256
181
305
190
257
188
303
198
193
187
212
279
210
190
207
238
184
344
189
216
190
189
200
224
202
228
230
194
188
197
221
200
211
270
196
207
198
237
243
297
184
307
197
231
197
183
290
179
197
197
201
235
188
197
202
256
209
218
190
195
186
215
229
225
262
279
190
237
265
189
303
181
191
191
182
257
188
231
261
216
260
298
222
217
215
247
202
267
203
279
300
217
283
254
203
216
219
294
188
245
302
201
330
203
201
307
187
291
273
188
212
198
254
212
191
205
190
298
217
204
178
274
200
223
198
188
252
201
230
187
192
197
210
194
184
189
200
224
188
188
199
295
183
193
220
232
180
190
178
203
200
205
187
171
204
274
182
195
172
216
174
203
176
189
190
226
225
221
181
186
217
189
194
203
225
178
187
217
193
171
221
237
175
177
209
251
176
195
199
215
234
190
205
212
181
213
280
263
204
192
251
266
227
255
209
194
201
267
215
256
180
208
344
214
233
185
209
194
208
226
229
186
290
236
190
225
188
212
251
182
241
201
188
219
330
251
264
203
294
210
205
223
247
185
304
245
217
281
250
196
254
200
264
314
261
182
222
218
198
280
237
188
224
198
224
201
191
190
273
236
181
263
224
227
220
198
180
305
209
219
249
226
190
196
203
209
230
320
226
184
220
206
228
294
196
215
192
200
194
218
204
195
243
195
200
210
184
219
194
182
193
204
183
191
256
219
217
214
254
264
180
261
237
183
188
283
194
181
232
264
180
205
252
189
246
269
186
327
262
223
320
238
193
191
181
239
301
183
292
330
256
195
199
218
203
259
305
201
196
188
214
207
228
186
222
187
252
189
214
261
273
182
226
244
217
197
194
196
187
208
233
253
206
309
207
189
216
305
186
193
302
233
187
278
270
180
202
227
291
184
299
235
236
243
272
202
197
231
234
188
231
188
274
280
200
195
247
277
209
221
204
255
327
242
195
207
261
190
227
328
215
248
235
214
291
309
192
272
201
214
217
246
315
247
243
265
337
226
202
324
236
195
184
254
217
267
194
257
204
183
305
192
191
255
204
196
244
302
203
201
263
191
236
233
213
184
234
189
208
225
212
203
200
214
190
280
187
190
201
284
234
275
269
181
281
236
216
242
188
207
249
202
233
339
236
283
217
232
358
248
240
270
227
197
223
245
268
214
269
212
216
324
266
214
348
201
244
241
270
336
189
252
214
224
195
274
205
246
308
221
208
205
203
284
185
222
189
314
257
224
210
415
219
236
206
303
210
194
244
186
191
230
204
240
233
206
223
336
190
210
245
263
234
202
243
238
189
228
388
212
247
232
214
224
199
219
200
253
229
241
206
252
283
245
278
247
202
291
221
228
189
278
208
200
222
195
226
204
213
264
208
221
229
284
320
183
253
220
182
327
235
201
282
212
248
322
261
292
200
230
368
209
197
241
258
196
227
264
239
217
243
245
278
263
256
242
216
253
303
214
248
211
260
204
265
230
275
232
229
231
263
261
197
202
222
253
296
196
213
202
248
223
246
217
200
203
188
181
255
238
191
218
273
243
258
213
243
250
215
255
257
192
196
238
275
264
202
265
256
227
231
221
186
197
195
229
260
198
315
276
206
246
205
191
226
272
223
219
243
179
251
262
187
246
184
271
208
206
181
228
261
243
189
207
183
228
209
182
200
193
183
220
275
191
255
186
250
184
183
266
226
214
240
250
180
236
191
245
248
181
274
241
227
185
207
251
201
219
205
200
194
202
216
253
195
213
228
197
214
201
183
303
245
192
272
239
213
409
258
187
243
263
218
207
195
208
227
193
180
245
194
211
211
204
211
221
226
291
430
218
219
222
237
292
182
207
181
282
185
194
231
218
179
321
202
232
337
182
214
210
186
281
215
234
298
255
250
194
188
178
327
181
202
251
209
291
212
195
208
213
202
247
182
207
235
187
182
188
219
202
207
187
185
210
194
267
191
209
205
193
213
211
191
201
219
276
181
198
242
233
187
225
185
190
285
209
241
184
272
206
181
210
256
184
247
277
226
245
235
182
205
217
243
184
189
212
204
198
241
214
188
187
192
196
196
189
240
193
192
187
209
218
186
260
186
214
180
205
195
227
285
180
220
216
185
186
185
200
178
186
209
232
196
200
182
197
211
181
179
219
206
225
188
217
192
219
197
180
186
196
188
205
217
196
228
212
179
250
213
197
180
211
190
178
205
196
204
209
181
213
183
256
216
267
191
177
215
231
221
186
183
213
212
232
188
190
222
192
248
187
183
192
185
208
177
181
262
199
177
192
266
188
175
183
189
212
211
179
187
204
191
203
197
217
200
209
180
192
201
180
178
197
200
187
185
186
174
186
191
208
190
182
186
184
186
191
186
177
191
194
183
204
222
183
194
206
200
189
203
198
177
180
190
203
187
187
188
178
176
198
305
187
177
188
188
179
182
220
181
183
180
185
193
186
183
184
207
188
190
179
183
201
188
223
180
182
206
206
182
200
185
180
182
183
187
219
222
205
226
213
193
189
189
187
183
187
188
195
179
184
177
245
216
248
240
240
236
224
217
235
271
241
227
238
268
244
255
228
314
242
313
262
285
291
243
460
210
322
332
277
225
323
273
219
277
247
240
258
268
221
283
345
216
208
315
306
203
369
311
219
238
275
269
226
254
272
309
231
318
239
452
279
249
226
223
322
244
216
231
259
224
285
274
216
313
275
233
287
234
208
218
291
227
232
317
195
251
333
242
233
295
260
234
236
242
312
225
243
203
246
318
254
279
297
268
251
288
249
219
295
199
252
227
301
259
190
282
269
201
271
208
270
189
234
207
238
278
234
202
278
212
208
223
197
201
215
212
182
214
277
183
189
276
294
194
199
187
183
245
235
182
210
206
257
199
186
235
223
185
218
203
195
230
198
206
184
266
206
209
200
202
244
241
210
186
186
206
188
183
221
254
197
195
184
201
184
265
230
191
184
209
215
184
276
189
181
219
192
220
203
290
187
193
260
183
234
250
218
189
283
251
187
218
212
214
184
242
262
192
219
240
203
192
206
209
194
225
254
227
194
241
203
188
224
191
207
185
270
181
209
187
216
228
213
248
185
317
180
230
203
208
195
220
375
192
197
250
215
232
211
217
191
201
333
192
239
187
235
195
190
291
196
205
235
199
187
232
210
183
237
220
181
187
203
246
193
187
192
181
264
242
187
207
201
182
269
182
187
244
190
236
213
196
270
197
181
297
257
182
278
187
188
197
194
181
249
196
191
184
191
265
182
186
287
182
230
181
184
187
248
193
181
292
248
192
234
187
195
184
205
196
204
196
187
277
206
188
298
192
203
247
183
254
215
183
186
185
207
190
191
234
188
271
195
192
237
187
186
285
211
209
196
228
209
194
238
231
186
230
181
242
248
203
217
200
325
208
199
201
348
188
192
247
200
282
194
186
216
221
183
256
213
186
278
215
204
183
184
251
185
210
295
182
220
253
203
204
213
184
220
199
194
217
215
203
224
212
237
232
181
184
286
188
238
207
191
187
188
271
270
207
223
189
250
201
212
223
240
216
187
220
212
190
192
185
201
244
179
185
239
326
186
210
196
256
193
206
217
192
199
237
210
194
190
235
210
191
217
202
221
190
242
245
204
228
195
183
224
246
218
210
286
209
182
294
183
224
251
230
197
181
186
233
285
184
300
262
189
212
259
183
224
194
188
214
214
298
201
203
200
230
226
189
262
206
185
238
357
188
211
188
210
192
231
191
244
196
202
218
196
202
183
195
190
214
185
206
200
182
191
180
193
182
254
186
200
186
249
194
303
192
255
182
185
217
238
183
188
201
199
190
184
183
186
197
181
179
223
194
218
186
194
184
250
183
181
205
236
189
183
185
189
181
187
184
202
213
189
194
199
185
187
194
242
186
188
214
188
194
216
200
190
192
234
182
189
198
189
183
205
220
246
188
207
185
187
235
206
194
244
292
191
197
207
189
188
193
192
229
271
185
261
193
243
213
201
211
240
225
219
200
215
246
229
201
215
237
200
207
197
196
259
193
234
205
256
247
383
195
249
206
209
198
228
270
202
214
219
237
215
201
207
263
204
192
251
225
208
203
192
211
188
212
239
208
253
199
242
186
265
185
216
191
186
202
187
240
185
263
222
196
199
188
231
185
196
200
189
192
206
184
188
205
341
186
187
194
198
202
198
243
188
199
193
336
190
191
231
201
185
197
281
192
186
213
190
178
292
192
180
189
237
198
195
253
202
183
193
262
183
202
207
201
183
249
195
195
205
190
199
197
182
199
186
250
192
191
189
201
205
326
192
177
184
229
189
199
203
193
182
197
182
193
256
189
208
223
182
187
246
190
189
197
186
199
244
181
217
194
182
214
221
182
268
208
184
189
207
206
225
191
227
191
182
351
190
187
206
195
193
329
187
366
188
243
185
234
196
190
229
191
228
187
301
198
189
291
225
189
344
226
189
305
222
198
204
285
192
191
194
192
201
234
202
218
241
189
279
197
251
208
208
200
359
221
217
228
225
182
204
222
188
199
219
202
202
191
256
188
184
187
189
204
241
201
202
325
199
197
230
187
190
219
191
224
212
213
179
207
202
183
225
247
245
204
191
193
220
191
193
311
223
227
231
192
190
241
205
194
210
248
184
227
212
195
260
201
186
198
232
198
190
181
249
184
194
210
201
186
264
217
190
191
214
191
207
203
188
231
194
204
234
188
192
213
240
189
205
209
184
195
236
222
189
188
257
198
205
185
221
187
205
195
216
194
203
199
273
203
183
203
202
188
215
243
183
231
230
207
199
192
183
251
216
187
245
190
188
212
195
184
207
199
183
251
187
216
235
194
190
296
196
194
260
190
221
267
185
200
334
185
203
243
189
204
271
185
187
212
212
191
187
201
205
187
191
209
210
224
207
199
210
198
196
232
202
192
203
213
182
237
225
182
214
258
187
193
198
203
222
186
296
285
181
273
220
206
247
211
183
291
249
186
251
230
192
236
186
191
245
183
185
248
186
181
266
200
194
239
208
185
241
203
182
255
191
189
213
222
183
205
206
190
195
194
196
259
259
189
222
213
181
248
209
182
191
234
228
196
228
194
197
285
196
206
264
187
247
197
252
220
216
270
223
195
253
221
243
185
201
231
253
187
198
188
237
211
192
194
216
187
196
244
209
195
192
232
195
201
184
212
180
182
186
225
190
187
233
216
185
212
199
177
182
190
196
175
187
180
281
179
180
181
199
193
227
181
227
202
192
176
236
192
176
178
195
180
176
229
203
178
178
207
185
172
190
194
176
183
206
180
190
196
208
177
198
184
194
206
212
185
192
198
185
203
182
193
232
217
180
244
179
239
195
223
183
187
233
185
199
195
209
191
239
180
224
226
199
176
197
208
212
195
234
183
214
219
206
185
195
212
199
183
199
184
234
190
243
188
197
230
221
190
194
249
195
209
200
208
312
189
196
208
202
184
279
209
217
210
208
218
191
193
198
189
194
202
200
196
190
265
204
180
201
197
203
184
204
263
198
183
235
211
189
205
274
208
186
259
203
185
259
190
202
190
191
181
225
207
181
187
200
183
193
196
200
192
200
188
198
231
193
240
214
195
206
207
194
253
199
230
199
183
183
336
189
191
267
191
192
200
190
181
189
200
182
212
214
194
241
203
183
208
227
187
198
217
212
191
223
191
220
180
211
206
210
181
183
254
187
199
195
254
193
193
196
252
202
196
195
211
197
214
194
194
284
194
183
235
183
233
184
242
197
205
198
200
207
187
278
196
181
224
194
183
185
203
204
179
196
280
191
191
235
224
187
184
216
279
181
195
183
230
189
200
207
186
228
188
211
219
197
220
235
183
211
191
220
184
201
204
208
200
194
215
238
185
196
292
186
185
262
186
195
196
190
201
183
197
218
204
193
212
207
185
211
207
194
195
209
202
193
184
286
208
185
182
201
189
185
195
204
201
200
193
214
206
183
197
206
190
194
202
213
185
200
186
183
196
202
184
191
191
187
186
198
211
224
188
193
199
184
188
197
193
186
185
189
201
199
186
190
221
199
207
196
201
183
235
188
181
305
188
186
210
188
195
217
191
203
194
183
187
200
191
218
191
192
202
229
198
193
208
219
190
205
184
188
199
179
205
236
198
188
187
229
204
178
185
205
181
201
181
189
291
184
183
199
240
180
197
182
236
196
193
184
187
227
192
223
188
263
193
189
187
203
192
186
188
186
185
256
185
180
215
190
208
191
197
209
186
188
192
197
203
181
190
243
224
198
207
196
195
261
190
179
191
202
190
246
185
183
226
192
203
224
182
190
216
202
194
230
195
180
275
197
275
183
184
275
194
202
199
220
226
198
268
240
201
217
198
248
213
202
585
187
274
263
206
192
226
217
199
289
243
244
255
246
252
201
240
226
224
202
190
218
200
323
216
268
223
227
196
301
220
198
203
215
278
205
227
234
211
220
250
205
223
194
192
191
267
234
255
204
278
243
252
203
243
252
199
227
227
216
276
204
444
213
212
186
210
192
221
202
209
213
186
193
215
282
271
219
255
241
243
224
229
374
191
227
226
223
216
215
213
315
189
238
202
242
202
191
250
274
202
197
199
189
192
229
236
215
210
209
211
188
259
207
275
199
189
243
274
212
203
210
239
215
207
252
182
194
182
200
193
217
183
188
196
205
204
184
184
189
204
189
227
229
185
228
202
220
190
211
194
233
194
205
234
243
207
187
186
246
189
189
186
214
236
199
182
234
238
191
183
249
197
190
199
202
183
202
267
197
181
232
199
203
182
248
186
207
250
195
188
194
191
203
190
196
194
185
255
281
214
188
232
183
202
191
240
242
191
181
252
185
185
187
210
178
198
270
185
193
186
242
204
182
183
241
186
186
211
207
190
191
220
184
234
201
198
193
186
609
181
215
187
222
193
187
211
209
190
203
204
218
187
258
186
200
255
231
205
184
208
203
181
207
192
190
188
216
184
213
200
183
207
185
202
201
219
231
196
254
201
228
197
211
188
192
255
188
225
187
185
222
195
337
188
270
192
187
202
194
246
212
201
198
225
194
210
182
278
259
184
198
186
210
323
246
222
196
192
197
193
210
203
196
201
186
191
191
227
248
184
220
194
213
221
208
194
233
198
215
231
197
199
241
235
193
229
202
188
208
222
197
229
228
186
198
193
199
199
199
265
188
265
204
190
217
188
193
211
251
201
193
249
183
195
215
182
209
209
189
204
188
183
261
201
207
195
242
196
189
210
188
185
264
197
187
190
206
205
229
211
185
188
200
187
201
197
193
189
217
220
218
203
220
189
199
197
201
206
232
198
206
197
195
196
186
209
206
209
182
201
185
186
205
198
192
199
201
206
182
241
190
183
193
225
194
193
285
207
184
238
191
181
207
200
188
208
184
202
211
182
215
186
212
227
198
196
185
233
197
190
208
209
191
199
183
188
210
187
184
212
186
218
205
197
194
193
198
200
264
196
191
215
187
179
210
192
182
197
198
195
185
225
201
208
220
226
187
216
195
212
201
186
224
240
185
261
192
212
217
234
184
188
276
195
182
324
189
189
245
204
187
196
260
187
183
207
186
187
204
204
209
208
200
212
187
189
264
233
179
216
209
199
195
274
229
183
302
203
185
248
234
195
191
204
206
198
197
186
199
186
186
205
211
221
195
267
194
187
302
189
183
235
193
220
197
184
193
187
186
213
215
184
185
203
188
191
184
237
194
190
213
185
192
227
184
189
203
184
184
203
185
225
202
222
191
215
231
183
223
244
186
191
196
190
191
226
182
231
183
207
244
207
184
208
234
192
184
210
184
187
254
202
186
265
181
184
287
229
197
227
197
187
209
210
208
239
235
197
188
185
214
214
190
200
222
183
191
247
226
201
188
198
192
242
201
196
202
188
216
200
210
187
197
210
233
216
212
201
193
215
215
188
184
219
209
209
187
190
196
195
184
263
211
192
193
185
193
193
202
201
206
184
211
219
190
216
225
220
191
185
197
215
200
220
186
211
234
199
329
220
203
208
263
185
219
205
256
295
196
198
211
202
191
190
215
232
197
296
197
208
193
188
255
240
220
331
235
214
244
221
216
213
240
216
226
230
201
220
250
229
205
228
222
204
200
200
186
186
189
207
212
190
210
196
222
182
210
191
204
205
194
194
186
213
202
203
192
202
184
190
202
187
229
186
194
186
192
188
202
217
217
206
189
185
195
220
221
199
185
203
189
193
205
195
228
210
186
217
183
214
197
233
216
195
190
186
213
208
184
180
210
223
273
199
201
243
297
216
212
220
186
199
209
237
222
188
204
217
228
206
200
203
192
205
234
205
187
189
193
228
193
193
185
190
210
214
233
202
193
203
198
194
209
211
201
272
206
207
228
198
211
200
252
230
194
189
266
194
193
179
215
224
196
222
187
225
207
184
222
208
198
189
215
189
253
189
234
190
199
205
214
183
185
181
194
187
212
221
220
248
187
206
243
249
200
196
251
217
220
248
225
265
195
192
209
217
215
223
219
213
226
220
208
188
206
186
203
236
250
204
196
215
220
188
186
207
188
190
191
193
194
193
207
196
219
190
202
184
190
194
209
196
189
216
228
185
211
200
182
215
195
216
189
200
217
189
197
196
194
201
210
204
206
192
222
192
207
229
183
203
196
218
203
214
190
209
199
195
212
188
185
199
209
194
191
192
183
212
249
180
190
182
206
209
187
202
217
256
195
210
187
182
192
203
259
194
256
191
198
205
297
184
202
244
207
185
187
233
194
216
184
272
195
206
186
184
194
219
200
209
204
205
218
189
197
193
212
194
196
208
273
189
203
194
207
211
222
223
230
228
230
207
207
206
213
211
186
201
211
211
188
219
222
210
193
198
195
237
253
194
228
195
198
290
217
196
198
228
229
208
230
238
230
196
210
195
201
232
235
193
197
192
307
217
200
293
188
209
246
191
195
193
205
189
240
226
230
269
199
201
240
208
201
206
232
195
183
200
228
187
208
199
262
186
302
221
230
202
188
202
215
210
200
195
197
254
207
200
212
225
204
206
216
198
190
186
194
214
197
189
204
199
195
207
193
205
230
220
211
245
226
201
218
232
221
202
196
188
216
182
205
202
203
196
198
222
200
207
190
205
283
242
203
194
198
206
279
222
208
206
239
275
196
214
199
285
221
190
200
236
237
205
204
197
201
199
216
223
234
229
278
260
239
203
211
231
209
224
196
188
239
225
221
273
233
226
206
248
209
221
227
235
214
237
272
208
211
283
254
224
244
225
207
208
240
196
206
223
249
209
256
195
239
193
238
208
210
224
234
212
200
196
205
246
210
216
187
198
231
213
215
205
223
246
241
204
191
205
243
219
186
186
218
189
186
246
238
189
189
283
286
191
205
219
200
207
197
193
197
241
194
260
181
190
224
263
278
212
189
235
223
198
196
194
346
195
182
215
215
245
187
212
210
245
185
240
187
226
254
223
191
228
315
191
192
194
291
211
248
188
204
238
186
276
189
211
226
190
285
229
215
192
216
199
187
190
248
189
184
191
185
183
196
237
197
208
207
216
223
291
202
205
204
214
257
203
202
221
247
202
210
213
219
279
188
204
262
252
216
214
230
223
194
239
230
228
222
248
207
237
195
193
187
185
256
216
191
181
249
183
191
191
195
189
197
195
209
212
191
203
200
211
224
207
199
287
236
236
252
197
216
222
236
216
206
218
262
237
262
271
217
234
238
237
225
234
312
227
244
228
230
272
226
212
260
212
214
198
201
196
203
247
215
235
271
219
222
232
191
192
194
206
206
279
261
268
195
246
191
279
190
204
189
225
372
209
215
201
257
193
256
197
202
214
197
248
211
222
235
225
224
208
217
241
256
215
284
186
194
344
211
191
240
204
218
204
197
252
272
189
199
280
183
283
233
202
182
204
208
204
242
260
312
231
199
218
212
282
214
223
225
218
211
209
216
231
213
218
215
262
203
203
201
200
228
223
254
205
218
288
210
207
206
238
231
273
232
273
230
222
184
235
195
230
247
244
273
218
237
197
213
202
229
201
205
295
229
245
199
206
223
240
199
210
209
227
267
193
184
215
217
199
199
197
203
244
221
235
208
185
252
200
196
252
181
225
213
228
209
212
201
194
321
189
185
187
274
202
196
199
198
291
198
198
187
195
216
184
206
248
187
213
195
187
203
190
185
217
204
229
219
193
229
315
201
202
184
192
228
259
194
197
288
245
187
251
266
209
185
249
190
217
254
191
181
223
188
189
206
216
201
187
245
222
213
186
186
223
286
197
258
197
194
212
195
253
186
324
180
246
195
229
256
203
186
197
210
200
198
229
217
208
191
206
192
236
243
198
184
248
189
186
210
227
187
295
193
225
208
236
187
255
270
197
221
205
208
189
217
223
192
265
190
212
194
222
185
284
204
192
250
200
186
214
209
192
210
230
186
231
198
186
286
228
229
221
199
187
229
204
246
240
193
197
221
194
236
204
208
196
190
211
225
198
190
273
191
188
184
226
210
192
192
230
187
205
213
221
235
208
192
240
203
201
225
198
205
231
196
206
210
204
196
211
192
249
250
207
187
255
191
187
274
185
184
200
230
188
187
193
235
188
196
250
189
207
220
188
183
202
199
181
198
188
215
236
246
196
191
205
189
237
228
186
244
185
200
190
187
267
222
204
198
192
212
217
197
200
194
185
191
196
190
206
202
234
196
192
273
188
217
189
194
212
214
183
226
215
199
186
204
204
210
215
246
195
235
284
301
235
237
213
210
194
270
230
217
256
229
264
215
223
307
219
202
324
197
211
221
276
196
244
209
250
186
218
317
205
247
210
198
242
209
195
227
283
312
196
272
207
266
347
208
200
202
276
212
213
226
243
248
200
253
206
215
221
303
242
237
248
214
229
259
223
210
317
215
220
200
261
222
203
221
291
275
200
212
206
225
245
193
199
215
183
255
189
221
194
200
193
188
189
193
194
188
195
188
223
196
186
191
252
193
188
191
182
244
191
192
191
203
187
220
189
214
188
189
218
189
189
363
202
193
193
201
228
194
195
187
251
230
252
204
220
211
238
232
225
203
213
233
202
199
210
241
187
207
213
222
196
236
199
227
197
203
235
210
218
233
208
247
222
217
224
202
280
223
275
224
213
281
208
247
229
224
229
210
228
221
264
235
209
191
261
203
197
197
203
220
281
260
242
218
284
198
214
200
226
216
332
256
221
202
272
275
201
234
193
206
220
221
216
276
212
231
213
256
189
225
254
184
252
188
232
228
189
208
228
227
213
242
213
227
212
203
229
190
195
218
255
197
225
182
276
226
198
209
276
238
195
200
251
195
272
196
242
196
225
213
208
215
186
181
186
203
190
216
189
251
238
210
190
200
224
201
188
232
190
267
205
190
196
193
188
213
219
200
237
199
195
213
196
195
180
194
250
233
185
192
239
209
219
185
199
253
185
231
198
252
182
191
192
198
198
212
224
324
191
183
233
266
191
208
190
192
275
228
208
190
200
235
219
215
233
221
209
262
230
223
200
262
200
223
187
247
192
194
190
334
190
214
185
209
292
206
200
196
186
198
273
185
205
217
228
200
250
225
233
214
221
193
219
301
199
206
204
224
217
234
200
218
228
248
245
224
204
198
241
302
209
208
262
241
266
226
253
218
270
208
202
244
244
245
215
213
231
233
203
248
247
210
348
213
238
280
214
204
243
213
198
254
288
266
203
266
247
215
229
245
203
207
205
239
208
199
332
193
203
194
245
186
186
203
256
217
185
195
218
196
196
289
205
213
189
260
217
253
223
221
214
209
210
233
225
340
218
212
215
290
208
221
232
273
338
215
226
272
249
210
209
232
230
224
212
216
253
267
199
207
233
219
203
223
272
236
212
211
210
294
215
214
208
237
191
187
249
246
197
220
298
198
192
248
209
304
189
201
191
205
211
229
192
250
324
201
186
236
243
205
229
261
257
196
245
207
202
205
257
226
231
217
365
217
218
205
237
375
184
204
204
219
207
275
240
198
258
229
204
243
213
239
234
192
232
273
190
193
209
236
193
193
286
210
278
186
209
189
214
197
281
189
201
218
222
244
185
239
203
192
207
209
315
192
180
235
186
193
183
221
192
278
187
205
199
272
196
197
182
249
215
205
200
194
246
183
257
245
249
241
193
191
306
231
199
229
209
200
196
238
181
203
199
259
192
211
187
273
207
235
225
226
221
244
200
228
241
251
193
200
217
283
193
260
205
230
187
244
183
228
183
228
194
183
301
245
188
198
236
381
189
194
211
194
187
190
182
223
205
260
199
246
192
212
254
182
230
193
208
196
192
236
217
202
189
186
203
333
196
192
181
235
355
197
182
196
272
205
228
194
207
216
255
213
210
196
205
194
203
215
218
231
257
197
194
193
283
187
216
200
393
192
217
193
388
191
207
197
223
194
198
214
210
285
194
193
209
277
191
190
329
226
202
198
208
213
199
188
208
260
270
228
188
192
201
221
235
265
188
193
206
257
201
194
201
238
190
193
197
338
198
191
199
220
198
188
228
293
185
244
241
204
205
192
227
264
197
188
202
268
190
219
253
194
188
230
230
200
182
185
232
231
238
256
188
251
214
232
191
192
229
208
213
238
203
219
217
208
214
288
215
187
193
248
202
212
193
268
183
203
193
200
242
213
228
204
301
219
196
204
209
269
263
190
199
320
223
187
207
209
212
197
197
245
225
196
190
253
261
191
191
258
200
194
182
230
200
216
190
264
197
193
194
260
186
184
221
252
204
186
267
198
206
185
191
198
240
190
198
238
200
216
259
191
193
222
246
187
187
231
199
246
211
237
220
189
294
201
223
209
209
228
222
202
207
262
259
233
202
201
240
195
257
218
225
197
196
191
206
251
190
203
202
231
248
195
278
200
189
218
198
196
235
213
226
190
230
192
247
201
257
196
195
202
197
246
233
312
210
228
210
207
216
228
260
238
287
584
223
219
246
209
219
187
262
232
182
208
217
218
197
178
350
309
193
176
220
204
212
181
196
209
195
285
215
211
218
236
211
216
260
201
214
191
234
243
223
185
283
263
237
202
226
425
209
186
282
212
186
234
196
193
256
200
209
192
254
181
266
258
223
238
203
220
208
194
205
213
279
276
245
243
275
205
258
208
282
197
208
219
189
201
203
191
208
183
202
210
186
195
193
195
200
209
204
205
193
239
250
214
199
215
210
226
189
217
204
255
186
187
266
292
264
227
186
216
191
238
204
183
229
257
260
213
253
234
228
251
194
266
282
214
193
202
232
200
223
194
181
214
252
185
198
244
184
215
263
189
259
240
199
201
235
184
280
259
190
293
225
197
234
313
187
191
193
237
197
292
222
214
215
257
236
199
239
228
201
263
285
298
210
192
256
190
182
349
182
199
202
290
186
191
223
285
223
201
206
373
201
229
305
183
189
310
224
189
204
254
238
226
213
283
207
223
199
220
208
197
266
294
198
279
201
259
210
239
201
194
205
218
214
257
211
244
265
203
260
250
281
186
216
372
219
190
211
193
191
233
211
233
218
204
215
192
215
302
203
217
269
222
188
233
238
243
228
211
208
242
228
204
255
206
226
234
226
249
233
258
310
204
233
255
312
197
198
216
269
184
259
255
196
225
251
184
202
251
190
199
210
220
239
227
198
216
212
186
222
279
211
277
215
190
181
256
187
253
181
202
210
188
248
196
218
181
322
183
204
234
186
197
243
183
230
267
198
214
207
223
190
244
252
190
186
268
184
189
307
308
186
252
258
193
204
256
241
191
206
184
206
291
209
211
200
214
286
190
187
271
225
185
189
252
214
215
207
214
251
184
223
224
206
216
270
261
207
239
208
279
262
218
182
305
274
238
186
182
272
242
205
185
192
255
216
298
262
269
197
305
192
276
206
192
276
240
189
192
299
209
201
188
185
222
273
259
248
225
203
229
255
220
202
209
235
203
229
227
265
183
211
221
204
186
214
215
204
183
279
209
188
191
182
250
234
186
194
194
230
184
198
205
227
264
199
214
189
212
213
223
198
208
268
202
200
234
219
229
199
223
189
281
208
237
224
183
215
240
190
217
279
186
187
189
225
185
187
189
214
188
189
261
188
265
274
185
193
191
315
226
196
380
183
254
216
238
251
260
263
245
207
262
247
206
203
276
238
228
182
264
199
218
192
243
247
228
246
202
272
201
206
245
309
186
244
256
224
186
235
310
230
189
221
319
199
202
282
205
249
238
275
210
217
314
199
196
220
205
252
206
289
220
268
315
251
221
280
263
193
229
189
229
200
297
202
196
273
189
208
246
292
200
190
187
228
340
199
208
221
267
227
200
196
192
197
203
247
197
246
189
205
201
192
230
183
272
189
214
182
297
188
214
199
306
199
184
281
203
188
211
199
202
230
187
209
202
267
208
184
237
232
242
191
187
195
199
264
208
196
242
203
188
194
237
184
184
251
277
186
219
205
193
185
214
213
220
241
218
235
205
256
272
195
208
293
206
187
187
292
193
213
182
287
260
187
194
317
206
219
201
200
274
187
194
239
193
189
189
195
200
213
186
185
191
341
187
184
225
242
233
181
203
243
188
200
198
185
250
220
195
196
228
197
195
207
265
188
192
186
200
213
200
184
197
194
210
183
277
208
190
274
214
237
201
185
212
237
198
193
210
232
197
187
202
190
197
189
191
194
196
247
206
230
208
180
197
193
213
228
233
225
204
266
180
181
302
194
208
206
202
188
219
185
188
220
236
231
192
207
204
437
188
206
181
210
240
237
215
193
248
298
230
209
218
217
237
196
239
211
260
243
201
203
236
187
222
283
193
206
203
195
192
231
218
182
187
349
177
250
225
183
193
319
180
191
297
243
221
227
186
193
227
234
206
179
216
207
229
198
295
222
191
231
236
188
188
207
286
190
221
232
228
201
216
223
208
216
189
199
217
200
205
261
190
252
198
219
215
293
214
201
209
181
274
231
241
205
313
222
228
214
243
272
189
246
195
236
202
260
285
191
226
271
216
220
199
215
349
217
188
215
185
205
341
222
185
221
181
244
227
204
276
273
235
205
290
184
198
277
273
250
204
183
268
220
195
192
294
243
196
252
212
256
264
204
203
219
237
276
202
244
245
255
214
195
263
297
184
223
226
183
307
216
250
227
265
345
191
207
320
196
186
314
185
195
341
183
202
346
179
262
262
235
217
194
253
192
186
317
197
206
236
216
205
184
204
194
266
209
251
203
200
220
246
209
244
205
223
284
203
264
206
187
285
221
190
189
332
216
199
250
227
187
258
201
251
218
187
245
253
204
245
249
195
221
235
206
207
274
232
211
187
211
286
230
201
254
192
184
217
228
241
187
250
224
198
188
240
241
185
268
208
185
248
289
183
196
207
202
207
226
211
188
232
218
269
198
193
196
234
193
240
236
212
217
237
189
202
287
232
232
197
299
219
197
294
327
260
222
241
307
209
225
206
280
281
236
225
327
242
188
200
343
224
305
187
322
221
320
211
237
225
261
221
235
289
239
201
233
292
243
234
263
293
271
205
190
220
243
203
220
235
252
358
191
199
272
277
213
269
221
247
207
309
275
196
219
311
260
189
194
275
287
209
212
191
274
192
222
188
250
300
185
216
229
231
237
256
197
202
259
201
263
243
222
214
252
234
229
313
210
190
350
274
240
229
236
207
213
186
244
349
207
209
201
211
289
188
239
231
281
204
213
236
195
183
230
189
204
261
216
296
181
214
325
200
277
253
192
297
236
190
205
218
231
228
248
234
194
212
243
188
273
226
228
209
264
220
257
214
207
188
244
219
239
244
206
210
282
227
240
232
242
261
225
255
220
249
204
249
228
221
230
190
243
222
298
182
253
263
238
243
191
278
208
234
210
201
210
197
192
304
229
284
206
291
249
191
216
189
216
212
278
237
209
284
227
239
199
263
211
210
250
247
203
247
284
189
207
235
199
292
223
232
232
274
197
195
247
200
192
287
185
229
287
189
230
243
188
194
249
197
259
260
183
312
257
217
252
264
297
269
254
201
224
202
214
233
241
291
242
233
223
205
187
243
239
202
238
208
194
247
201
285
208
211
236
212
293
259
211
257
210
298
229
233
278
206
255
225
246
263
229
219
271
323
269
203
204
255
210
198
244
219
221
267
230
361
240
210
253
215
258
201
263
332
255
262
223
223
188
195
224
205
183
238
208
238
267
255
199
191
209
299
230
195
277
211
199
228
254
197
184
222
267
226
283
193
244
211
202
210
183
345
192
190
318
239
222
242
192
221
221
334
188
191
250
268
201
210
195
187
300
185
265
225
195
253
235
235
205
196
274
196
191
194
257
204
217
202
289
182
262
227
261
239
244
222
188
229
250
188
313
190
209
224
234
199
218
281
216
186
394
188
182
197
264
210
190
254
250
262
188
220
260
231
193
208
191
186
237
239
226
189
246
213
254
190
227
300
246
232
193
207
199
287
275
219
261
222
202
185
272
196
187
191
229
224
187
200
280
246
209
211
236
322
210
213
246
214
207
201
249
303
222
200
313
215
187
184
276
203
204
198
200
244
264
237
224
236
207
195
210
256
227
254
200
200
331
193
210
182
212
202
188
333
182
192
188
199
235
196
210
181
197
209
185
184
200
182
231
198
233
211
198
216
196
190
240
202
184
232
190
265
180
240
189
211
202
196
234
214
193
185
220
197
184
269
181
206
248
301
250
193
302
189
255
200
184
252
182
250
195
196
306
181
218
191
193
296
182
193
240
240
268
180
215
213
200
190
220
182
228
201
230
203
212
241
248
206
200
188
238
190
200
291
214
212
183
251
206
227
274
187
261
203
201
214
201
233
227
225
187
203
230
308
216
243
209
177
185
227
198
264
229
197
180
321
266
185
206
266
214
189
242
200
196
202
253
197
197
260
221
182
184
263
198
182
217
202
192
185
215
204
201
185
373
190
191
197
285
207
220
275
271
205
177
210
207
185
250
202
206
286
186
248
234
225
238
223
200
269
190
184
224
311
227
204
286
238
198
225
218
201
217
224
204
191
273
192
185
333
201
183
202
265
185
236
226
224
179
233
193
251
249
380
185
195
266
188
210
200
292
202
192
203
207
223
288
185
242
234
225
198
203
284
204
373
212
274
220
228
206
218
197
261
203
247
275
180
217
199
198
191
199
272
255
214
216
210
238
193
252
217
270
205
219
195
226
199
202
249
193
183
184
202
319
197
194
207
273
232
216
216
615
234
212
217
199
200
700
197
197
178
540
239
207
190
210
212
200
216
189
192
199
300
201
184
215
205
230
235
231
210
214
188
191
195
227
183
185
184
247
199
250
182
201
189
314
198
200
194
189
260
191
220
195
184
254
199
281
184
226
241
191
219
185
377
195
202
184
184
357
190
183
227
192
180
255
189
187
204
240
229
268
211
216
261
213
200
222
182
198
267
213
184
288
194
249
185
248
183
239
204
201
191
292
199
199
286
228
223
245
265
194
188
244
220
185
208
219
219
217
209
240
245
248
194
198
275
203
211
232
189
191
183
201
275
196
194
215
392
244
205
237
191
192
313
189
190
206
217
216
185
200
197
206
188
210
293
198
198
246
208
186
208
252
221
178
196
275
209
184
268
194
233
212
203
182
251
221
202
184
202
254
185
225
201
216
201
208
249
243
203
212
196
183
196
206
182
217
226
219
214
214
191
180
293
269
250
219
281
197
182
245
378
194
190
289
252
197
190
332
225
184
261
272
233
236
211
250
238
212
213
232
205
262
237
220
229
194
221
192
185
273
201
250
186
246
213
203
231
309
213
222
200
334
193
254
217
206
183
225
258
188
197
223
223
216
269
223
237
234
207
230
222
220
254
209
222
255
202
208
205
247
216
189
218
281
252
190
194
215
223
272
253
235
184
256
369
210
181
193
225
239
604
221
201
262
186
200
236
250
197
257
206
197
225
219
226
197
266
197
196
194
323
295
206
349
296
204
207
279
216
281
178
245
211
189
179
267
269
205
266
203
209
279
181
213
202
294
194
211
183
195
243
215
224
198
246
194
309
194
190
201
268
222
178
207
294
231
193
182
187
222
209
204
193
184
244
250
222
249
261
183
347
198
207
237
185
215
209
184
190
183
219
263
191
211
197
189
217
212
213
232
184
239
226
189
217
275
235
189
404
289
190
195
236
218
249
201
247
202
239
276
190
334
197
259
332
217
203
349
249
214
236
313
256
194
202
324
202
282
230
225
223
191
183
258
214
248
284
194
207
186
227
213
215
210
216
257
196
206
237
228
197
222
277
205
195
303
201
203
389
192
201
203
255
195
190
223
239
200
223
385
195
214
251
221
192
202
225
224
187
277
224
340
190
223
299
199
192
229
279
187
221
235
211
220
236
333
292
218
225
204
263
181
223
252
189
181
243
277
199
225
204
194
182
306
207
186
240
212
302
219
207
249
188
244
212
186
241
246
203
184
256
221
214
202
208
205
201
192
218
335
184
206
217
346
183
191
244
209
384
255
188
242
221
188
238
193
205
213
212
221
211
229
247
304
214
220
243
282
203
212
247
204
209
247
259
262
190
214
279
184
283
243
193
193
267
196
224
212
225
228
193
200
192
223
217
197
196
197
208
215
221
297
235
251
215
241
248
261
210
209
203
305
207
238
257
206
185
277
227
182
193
235
182
215
256
193
190
267
218
194
272
203
196
244
270
201
198
314
225
191
289
222
201
226
196
187
196
297
187
240
300
191
213
236
181
316
227
180
199
230
248
208
190
196
231
196
190
271
180
184
284
185
184
295
187
183
306
201
180
321
208
197
190
243
179
243
264
178
203
200
241
227
217
213
284
202
211
245
242
196
206
243
234
211
226
240
241
200
188
290
249
199
202
257
237
179
259
223
201
226
224
198
242
252
221
197
235
227
212
188
306
219
563
211
304
183
261
193
176
194
300
179
191
190
252
200
183
239
198
183
231
256
184
263
245
200
185
236
210
195
199
214
250
209
203
252
204
190
272
193
190
240
234
194
244
311
188
230
264
367
186
179
249
235
180
192
270
187
187
191
274
212
184
236
203
190
236
219
188
232
209
254
257
387
209
192
353
215
206
181
352
193
193
196
312
194
191
245
181
185
227
184
210
211
217
206
285
281
191
240
261
201
223
225
225
252
240
218
315
218
243
237
301
200
420
194
209
184
503
205
250
639
250
227
193
234
222
200
419
208
254
314
185
191
242
223
246
190
243
199
191
208
218
195
186
292
195
413
179
236
208
205
200
210
204
191
227
276
247
189
267
179
280
190
259
232
227
205
353
211
559
305
206
235
291
280
217
450
186
242
204
195
211
471
200
195
221
489
182
215
532
233
194
358
275
225
187
218
241
183
260
194
208
232
359
252
225
198
258
245
253
195
207
179
260
194
257
611
203
224
202
206
253
237
192
239
245
207
249
361
216
480
226
236
206
249
206
253
251
217
254
208
199
211
215
203
197
199
221
196
287
226
252
238
218
253
196
230
203
206
186
198
279
212
192
192
244
187
332
202
182
235
186
217
187
191
197
214
206
206
285
269
205
189
232
291
193
189
238
203
189
205
228
255
195
274
234
241
200
190
239
232
210
216
235
334
195
217
203
287
251
269
207
198
210
183
224
220
186
180
251
210
186
235
204
276
206
205
203
204
232
189
204
233
281
184
190
262
230
205
192
205
506
190
205
244
191
203
387
308
243
186
210
216
211
210
482
239
226
201
299
232
191
209
190
222
193
243
203
238
226
194
203
204
231
220
200
241
329
204
197
423
207
203
179
200
204
241
180
249
225
247
188
297
268
184
182
233
197
207
207
247
220
404
218
188
248
202
310
179
218
224
391
216
342
189
189
214
244
185
221
223
232
201
200
243
192
213
190
230
205
186
309
197
191
224
357
190
255
185
223
191
191
190
188
183
386
183
203
304
227
185
368
535
191
261
239
189
192
186
239
200
188
181
325
224
186
192
201
223
301
225
203
214
231
217
499
389
279
886
247
202
237
202
235
265
191
247
197
270
306
222
212
198
213
217
281
228
209
241
250
326
199
303
208
256
207
199
237
255
214
193
324
254
240
217
194
230
217
312
185
198
248
245
212
203
257
213
212
228
227
205
201
227
192
205
276
258
215
194
202
240
199
210
232
195
223
277
202
194
217
219
223
210
201
232
269
230
207
198
254
253
206
258
225
282
278
224
238
230
228
219
189
265
191
244
217
226
194
204
226
200
198
260
229
202
186
254
196
274
181
198
187
196
195
189
199
227
234
195
205
211
200
206
189
225
245
180
180
239
184
191
192
264
192
215
181
199
193
210
193
197
198
203
187
202
181
187
184
208
199
182
194
178
195
201
195
198
239
191
180
215
202
186
184
208
274
206
185
177
260
215
194
188
174
184
232
215
181
195
188
215
198
235
184
188
228
209
200
208
243
194
214
243
193
233
211
216
198
174
217
192
190
242
215
185
216
223
182
232
208
232
191
233
204
210
233
193
196
231
235
223
250
196
185
225
211
201
211
198
248
217
234
205
247
215
209
195
415
255
251
204
225
200
308
206
196
257
199
310
189
228
216
346
223
191
228
194
254
236
204
220
370
199
201
255
198
327
194
203
209
278
194
185
226
409
205
204
272
208
340
208
186
243
205
254
233
314
209
205
254
202
240
257
213
215
252
216
196
234
198
249
189
276
251
250
189
207
246
189
273
192
369
184
296
246
202
203
199
229
226
202
227
225
194
264
188
188
276
385
209
202
215
239
204
263
221
226
216
198
292
255
196
242
206
215
221
187
216
239
247
213
262
193
192
240
212
204
200
262
235
243
223
251
260
218
248
207
200
239
211
217
205
248
198
219
222
223
196
224
299
230
219
204
296
246
223
257
197
248
231
197
364
197
275
194
208
202
205
303
239
203
249
241
336
214
194
222
212
283
220
235
255
264
213
221
213
220
239
194
223
205
260
206
219
334
204
256
216
274
231
245
273
277
219
293
217
236
212
216
241
208
256
277
212
239
211
330
225
190
245
313
218
213
443
213
222
333
271
233
300
313
202
285
284
267
220
236
273
331
206
210
198
253
225
222
187
268
303
194
238
258
198
252
194
267
215
190
196
192
195
214
245
235
184
193
257
185
191
232
195
273
182
211
216
211
205
286
236
189
234
247
213
259
189
225
197
188
187
265
226
221
228
207
274
268
241
211
205
275
215
194
234
196
239
186
183
269
203
298
208
208
187
226
277
189
244
193
194
220
266
208
214
206
250
221
220
259
217
194
201
191
196
194
189
201
273
194
191
195
204
218
195
188
192
212
219
254
217
216
215
269
320
222
200
214
226
271
318
261
190
193
259
391
199
461
215
210
212
248
242
201
213
255
197
198
245
227
240
216
236
214
370
195
265
212
255
207
236
215
260
251
220
192
247
240
202
253
225
208
233
231
195
191
225
462
214
192
224
194
225
245
198
186
211
219
252
189
226
197
271
204
234
212
345
209
202
215
252
260
306
195
220
203
228
208
209
274
222
211
191
219
200
208
204
254
196
208
185
213
288
189
207
201
217
277
211
567
239
252
234
375
230
274
213
209
323
228
244
225
216
286
209
281
202
353
201
207
228
226
217
205
190
258
218
227
421
218
242
212
218
208
300
209
217
195
260
576
208
214
221
233
223
199
204
206
428
255
184
293
213
214
201
216
989
406
213
199
231
285
204
228
210
205
187
189
199
255
212
206
246
264
228
200
217
221
256
330
201
250
294
196
206
290
247
263
210
209
216
226
232
194
193
268
219
237
200
239
228
231
233
202
222
185
282
194
194
199
182
214
250
285
198
188
211
286
198
225
191
213
185
197
229
194
234
273
194
193
199
310
213
185
270
231
209
187
244
201
208
190
192
194
199
226
230
196
196
265
188
307
185
334
217
225
194
201
190
200
215
251
188
210
303
198
203
216
347
197
214
188
191
205
220
191
386
183
208
216
216
196
219
188
236
226
193
186
210
232
192
232
228
190
195
269
232
274
246
219
198
225
203
189
193
393
197
211
247
206
207
201
210
256
195
286
213
210
198
283
220
269
288
215
216
211
243
213
195
218
212
223
202
197
269
184
202
315
225
243
237
254
200
228
200
210
233
195
211
241
245
189
195
347
185
228
218
200
191
221
233
188
216
203
188
209
201
255
218
245
210
253
290
