172
230
202
261
226
197
1358
191
276
679
202
276
223
227
216
199
4045
227
207
282
256
223
705
199
206
784
204
199
220
615
258
190
293
193
213
187
253
227
184
282
289
182
433
198
191
215
467
199
189
233
430
318
187
248
194
219
205
247
241
187
501
205
228
252
419
210
202
286
197
190
200
209
207
222
202
210
260
196
200
183
260
217
191
200
193
224
224
192
183
214
196
205
191
203
183
228
244
195
196
204
235
203
206
236
200
194
215
244
194
195
187
202
190
186
192
193
210
184
194
631
183
186
216
319
180
184
231
202
197
306
198
209
192
314
202
187
202
194
223
206
186
220
199
202
205
197
185
253
198
209
180
187
201
223
219
194
199
198
225
193
183
195
197
207
211
178
200
191
193
223
215
194
191
182
234
222
228
189
190
221
194
272
196
332
219
227
200
232
183
218
194
198
254
182
578
192
233
212
204
203
205
247
266
205
243
206
190
229
213
227
201
217
247
194
226
250
196
197
269
192
233
184
217
215
221
192
254
191
231
189
193
239
212
209
190
207
222
202
200
194
199
216
245
255
206
234
191
222
272
189
220
190
188
226
254
199
189
195
195
207
221
198
194
192
208
225
245
194
200
246
199
328
229
206
190
192
217
208
216
188
203
257
239
196
206
198
230
248
189
185
271
299
281
308
217
220
248
201
214
223
242
344
233
293
232
284
303
219
215
266
234
258
212
207
193
206
226
193
225
253
207
183
196
231
183
243
198
192
193
215
196
202
216
239
191
247
190
197
206
203
194
278
199
193
266
208
265
232
199
264
195
209
207
226
203
197
236
196
200
203
253
205
185
222
272
219
192
201
266
194
237
216
220
237
239
227
239
216
204
212
271
206
230
203
270
211
226
188
259
223
246
245
213
233
199
224
224
273
268
287
225
238
199
200
268
238
223
209
210
242
210
201
226
216
241
272
294
238
208
215
190
223
203
187
238
281
211
215
283
202
221
200
227
212
199
237
227
289
219
215
207
246
218
249
237
234
226
222
207
252
191
284
190
310
213
205
209
230
329
236
243
207
206
257
188
222
229
203
206
258
235
247
199
212
239
215
200
216
212
243
189
203
274
288
213
205
198
246
297
201
207
250
198
186
222
201
207
337
216
191
266
211
268
194
188
257
233
258
255
247
204
184
290
190
197
216
243
228
206
205
197
199
207
211
252
228
219
254
227
200
198
196
261
274
200
198
206
205
212
225
210
233
190
199
219
220
210
219
224
243
203
266
220
185
195
199
220
182
226
226
197
225
247
255
192
204
239
236
200
192
227
244
208
227
192
195
203
198
225
186
224
214
278
214
204
231
215
189
202
206
214
185
198
189
238
194
207
207
253
192
216
214
212
192
202
218
238
222
224
199
268
301
256
208
198
214
200
263
203
200
213
253
196
189
226
275
189
208
225
271
193
208
221
208
193
254
237
192
193
227
283
216
187
286
252
226
203
213
220
260
226
218
202
211
187
183
214
222
210
198
194
225
216
218
184
194
181
232
194
187
198
245
213
201
191
199
202
201
188
199
186
213
176
191
217
193
190
194
188
216
215
206
188
283
210
217
206
218
208
232
230
221
214
185
221
202
206
186
211
203
233
227
179
196
187
180
188
189
201
213
184
190
217
183
200
189
218
192
199
193
213
236
189
185
208
194
189
197
249
205
193
198
191
197
203
198
197
203
193
234
185
221
190
184
209
259
199
188
186
318
218
187
203
205
188
193
219
224
267
191
210
242
201
235
229
205
210
197
207
246
219
194
266
201
222
271
231
217
311
245
206
195
185
211
195
195
201
222
227
208
200
223
211
239
200
227
227
228
205
207
214
204
207
233
208
207
204
221
205
215
245
216
225
216
217
209
229
205
187
190
207
184
188
244
219
186
220
211
190
207
187
183
187
206
188
218
219
207
216
205
204
184
195
248
212
206
203
183
224
191
188
206
190
181
181
179
186
207
201
185
208
217
223
183
188
185
181
191
215
197
233
191
195
183
184
177
179
194
190
198
179
196
192
188
207
183
186
189
186
185
183
176
191
184
197
191
181
179
180
238
188
176
234
208
289
214
206
216
204
206
218
205
202
203
248
208
205
205
273
195
194
205
245
210
257
204
197
196
258
200
202
212
311
226
203
210
204
207
218
196
194
199
215
213
223
204
204
214
212
204
207
223
204
252
268
209
242
207
241
234
219
202
249
207
198
196
255
185
237
207
184
232
196
194
238
211
261
216
201
263
210
203
192
251
211
268
249
204
190
190
192
228
288
191
233
219
201
206
213
203
200
244
199
221
195
246
233
191
235
193
254
189
255
182
197
259
201
206
237
226
251
240
370
214
219
218
204
218
191
230
202
199
201
189
208
245
189
211
252
186
215
184
200
220
232
243
196
189
183
203
201
196
184
205
189
200
186
193
185
228
200
208
213
212
206
206
202
182
293
221
181
345
207
200
200
200
228
269
248
195
220
210
201
192
218
205
226
217
228
191
219
205
201
275
195
230
212
206
347
188
196
220
205
192
214
212
190
189
210
213
196
217
196
183
197
189
239
186
184
250
184
272
227
183
182
209
212
178
191
332
210
180
184
188
191
191
193
215
204
209
282
234
210
189
209
190
195
238
245
259
179
188
222
202
189
269
183
195
200
183
193
217
195
210
187
282
191
216
204
184
191
312
186
203
189
182
200
226
185
205
194
205
208
191
183
207
242
511
193
192
209
181
251
190
189
225
191
209
190
225
276
192
205
186
200
213
237
197
197
196
245
225
207
223
185
241
201
231
217
192
184
246
227
206
205
217
260
228
297
252
271
263
288
234
192
186
188
199
186
272
182
183
185
183
206
187
192
184
190
185
249
202
207
196
180
178
224
187
190
186
210
185
188
184
194
200
184
185
215
199
191
187
206
189
203
184
193
187
211
185
252
186
247
240
246
249
220
205
305
237
217
230
302
299
249
208
188
213
221
216
202
274
196
185
214
204
200
246
191
197
250
204
259
234
194
223
198
195
213
207
199
274
185
207
314
184
242
203
190
199
221
277
194
189
218
195
203
197
194
243
186
305
193
238
207
186
219
216
201
192
219
191
276
206
214
224
248
196
194
235
194
230
202
189
189
242
231
246
183
225
219
239
192
198
185
250
185
202
185
247
204
233
202
196
198
194
185
198
259
185
189
185
185
196
187
205
217
220
187
198
218
187
217
252
246
207
188
207
288
177
176
200
223
229
177
171
197
258
178
175
207
176
181
185
186
183
245
172
176
189
176
186
197
175
191
192
183
174
175
176
201
191
185
172
202
191
175
182
176
181
187
199
175
175
230
214
195
204
207
199
210
191
211
208
171
174
174
174
182
168
206
185
212
194
195
392
225
261
183
188
231
187
191
210
197
183
189
190
205
197
245
225
186
183
189
187
207
197
185
185
210
184
178
196
181
193
183
220
185
179
184
188
251
195
188
192
221
217
182
183
185
208
198
178
187
197
179
204
203
181
191
190
183
228
251
179
189
228
193
206
215
225
180
190
219
218
174
183
228
211
182
203
185
198
185
209
187
213
179
191
183
180
210
190
188
186
184
212
235
203
184
193
200
180
217
182
185
176
233
185
186
178
195
198
191
185
208
185
268
211
240
229
185
231
185
191
193
189
278
186
189
179
215
187
223
181
179
188
186
205
177
207
328
183
182
225
180
178
192
184
205
182
178
205
205
184
177
194
192
248
209
178
185
186
199
183
204
205
194
185
239
184
185
175
217
235
183
178
214
280
182
186
190
197
181
180
190
194
190
264
223
200
177
183
196
219
180
184
203
212
200
204
192
220
181
191
202
233
219
199
213
188
213
182
222
189
199
184
187
295
204
185
192
195
196
181
335
221
195
201
188
259
266
186
206
198
205
199
195
212
206
217
196
210
281
185
227
247
191
187
212
211
279
194
209
260
207
241
191
212
189
227
198
267
206
233
185
204
243
193
217
213
227
198
186
203
186
220
202
187
196
192
193
216
195
210
201
209
184
208
186
204
300
187
189
249
213
316
209
182
204
497
184
186
211
186
225
207
231
225
238
235
258
201
187
196
319
203
196
258
198
192
187
182
186
215
199
182
305
186
184
183
224
187
233
214
207
233
192
189
245
187
197
249
204
215
267
212
201
189
185
253
236
261
211
206
188
192
282
217
210
199
242
225
222
186
187
207
191
196
201
248
183
232
218
224
191
215
189
247
184
186
186
184
186
229
204
182
236
207
189
211
182
235
195
190
198
185
234
199
200
212
183
226
193
206
181
227
194
202
190
197
219
186
188
207
221
183
212
200
253
205
214
189
244
221
198
180
268
206
179
211
233
189
185
248
213
212
253
209
214
255
199
219
181
206
204
207
180
241
216
213
194
210
206
185
252
213
192
242
224
182
199
184
197
274
179
204
208
196
220
182
211
271
183
183
203
232
186
207
286
185
185
231
219
185
219
218
220
185
256
253
188
194
220
216
181
193
200
185
194
186
228
188
207
205
207
201
184
198
182
181
224
215
189
185
232
183
190
257
229
189
181
229
188
181
213
241
183
182
262
229
181
183
259
227
179
230
218
196
181
186
255
198
185
246
193
184
184
198
179
189
188
228
205
202
184
184
188
287
199
182
178
242
209
185
178
220
200
189
180
178
230
184
196
186
187
199
252
180
180
206
211
237
194
179
188
241
226
181
197
179
211
192
205
209
261
198
252
197
191
275
180
213
203
198
218
194
219
187
209
251
185
218
237
192
204
211
233
195
188
243
194
215
248
208
218
224
205
252
188
252
185
188
194
191
211
185
198
199
181
244
224
197
260
209
208
183
253
183
249
229
187
185
200
185
212
326
219
183
329
199
197
193
196
184
213
263
190
197
232
184
187
195
193
186
281
188
199
232
240
207
267
202
252
212
231
191
181
225
233
192
286
184
183
208
186
202
255
232
187
200
245
198
187
207
192
200
181
272
187
178
232
182
187
230
190
227
208
199
186
179
239
198
218
211
221
190
198
248
183
183
246
186
177
183
191
192
186
179
209
207
222
185
248
225
190
237
189
186
183
233
194
217
234
221
192
275
179
195
198
257
186
187
223
180
183
294
185
185
255
273
190
188
220
202
203
220
206
199
215
196
182
196
220
177
236
187
217
218
180
196
271
179
195
222
198
225
238
183
215
217
225
192
206
190
191
211
178
205
229
215
220
198
221
206
201
278
183
182
210
185
262
237
183
251
246
183
206
202
183
191
242
184
182
307
197
187
235
191
181
202
243
189
193
195
187
192
224
206
202
230
251
194
205
225
208
179
288
192
179
188
238
183
219
228
189
218
183
186
226
209
178
231
220
187
213
231
179
204
218
197
183
218
212
183
195
220
232
193
223
229
188
204
210
184
214
207
207
182
203
195
186
282
180
217
185
202
227
185
181
211
193
186
205
193
198
242
189
187
232
212
212
191
241
226
216
209
252
181
204
225
181
187
266
195
201
187
183
236
209
186
295
204
180
243
196
182
197
202
206
192
184
220
214
207
219
209
189
200
205
186
215
222
184
225
194
193
213
217
198
178
244
192
179
275
190
181
233
196
190
276
185
188
191
193
229
212
183
207
233
183
206
179
198
183
189
246
188
185
222
196
202
211
188
274
181
193
215
183
182
249
181
209
203
216
190
184
221
210
201
224
186
192
226
185
187
221
183
188
183
182
190
184
187
197
237
183
189
218
208
188
231
180
212
181
202
190
219
208
188
180
245
190
221
190
195
193
224
186
191
206
204
239
193
208
195
191
233
195
184
251
186
208
184
184
194
205
197
250
234
196
212
185
207
188
195
233
183
194
193
190
215
246
192
187
236
224
185
220
238
180
185
205
183
200
186
197
200
199
180
197
197
190
220
216
187
186
212
207
180
189
245
212
182
183
214
188
194
189
230
248
184
186
198
206
209
186
206
207
202
182
198
210
198
183
199
279
229
186
194
211
184
301
238
217
242
193
219
207
184
195
183
249
202
187
192
251
213
180
338
198
190
227
193
198
183
236
215
185
234
225
182
197
211
193
196
251
194
190
205
200
215
189
202
240
204
199
211
229
186
266
249
190
203
191
186
216
188
207
186
198
233
186
211
182
230
232
200
201
208
183
179
300
210
187
194
207
192
206
198
233
215
187
204
189
192
184
247
209
202
209
200
185
198
187
206
190
273
196
191
255
216
197
245
179
195
212
247
189
186
202
187
184
202
261
212
183
206
235
207
205
195
199
200
191
191
195
241
188
195
264
187
192
200
241
186
185
262
205
181
219
221
187
233
235
192
198
270
185
189
267
201
202
233
193
188
249
203
191
198
197
260
191
213
213
193
239
254
251
209
187
210
195
196
277
201
193
278
219
192
236
192
210
198
246
183
186
222
200
188
231
269
205
188
222
241
180
249
182
188
193
209
241
181
219
190
196
268
190
193
238
194
189
228
211
183
234
185
271
236
183
257
197
193
201
195
224
197
262
183
188
270
206
193
194
189
212
198
232
231
186
211
204
185
199
239
198
214
193
218
199
212
230
210
193
264
196
192
238
203
247
207
206
185
186
299
194
184
258
197
191
211
241
219
183
204
271
193
226
202
191
211
192
181
213
211
185
231
194
208
194
204
222
190
197
217
192
203
214
225
210
179
248
190
235
236
184
204
186
260
205
187
202
192
191
224
215
199
202
235
184
201
260
182
179
204
185
179
225
273
183
194
237
194
183
232
195
183
205
205
224
211
191
184
203
252
186
189
220
183
188
205
186
213
223
249
185
226
203
184
191
240
203
192
247
201
187
200
199
193
183
257
225
189
261
191
196
187
201
225
178
179
208
186
219
251
195
190
207
213
203
190
215
186
204
187
204
186
190
252
214
198
185
273
199
190
243
185
205
244
190
192
233
271
187
228
239
207
304
246
211
199
204
206
188
188
195
189
192
250
217
186
278
192
205
235
209
231
188
208
237
189
218
212
208
223
192
189
190
207
227
182
196
205
192
190
190
200
427
231
191
208
196
181
260
204
265
256
203
198
183
242
259
186
291
249
251
188
278
274
246
209
264
204
339
263
217
290
289
233
280
244
244
260
238
194
472
272
241
297
220
204
287
308
296
237
233
185
301
233
249
299
248
254
202
309
238
260
214
206
220
363
283
273
186
304
254
254
267
289
4221
434
222
247
256
251
2097
192
205
186
218
236
240
195
190
198
186
188
198
191
199
194
190
187
291
271
191
202
189
294
183
328
198
211
193
206
191
199
203
199
201
183
207
185
191
209
200
208
198
293
197
222
202
243
176
257
188
192
183
213
182
186
193
178
212
191
292
178
190
188
199
185
188
197
268
198
178
221
203
191
181
205
191
242
215
176
192
188
188
230
236
192
188
240
193
225
215
251
188
199
244
404
176
210
186
565
190
196
193
185
190
199
194
208
246
187
233
191
199
178
193
198
177
249
198
279
188
258
182
231
207
218
185
234
187
200
202
240
181
229
181
253
185
210
188
237
185
184
185
192
193
196
215
214
183
225
192
199
193
184
259
207
201
246
190
235
189
229
182
202
197
189
189
204
217
182
199
185
204
180
197
208
191
179
202
191
215
438
244
182
248
192
251
209
250
198
216
218
234
261
191
189
208
253
217
181
192
207
192
190
234
180
238
224
180
189
218
188
184
176
178
179
209
200
179
224
189
187
192
191
196
195
182
184
185
178
187
210
189
226
202
187
183
198
204
179
216
211
208
202
206
187
211
179
203
254
184
179
206
218
220
182
218
215
179
183
184
258
216
178
220
207
229
210
181
183
186
187
230
185
196
188
194
235
192
189
188
178
214
202
201
191
234
223
246
210
227
222
267
261
189
178
294
185
285
208
219
210
196
217
228
200
284
303
225
194
202
293
225
263
253
225
223
268
187
220
201
275
275
255
210
196
226
265
186
230
247
251
226
220
183
310
235
321
185
188
256
241
188
321
184
349
210
270
189
246
244
192
201
292
187
255
222
185
289
190
268
184
332
187
280
188
190
240
186
181
231
238
233
180
239
246
180
246
184
229
304
190
204
194
181
224
210
189
187
231
186
184
232
209
258
199
239
292
190
194
202
180
234
201
243
181
245
194
235
200
222
202
195
210
200
208
222
197
252
190
192
197
242
185
188
203
197
203
187
179
227
208
186
186
244
199
211
188
187
239
243
201
222
201
255
199
198
195
200
195
225
218
187
196
215
204
214
207
313
185
204
186
258
187
224
228
227
182
280
212
214
205
257
188
195
239
283
218
265
191
229
259
260
236
236
204
249
314
269
237
266
239
261
278
343
278
249
252
936
273
282
317
295
262
239
249
222
227
292
186
339
183
244
187
229
261
183
305
269
184
184
212
273
226
227
301
244
234
182
329
189
197
245
228
271
181
332
185
183
245
247
197
214
246
278
185
251
233
256
253
196
208
201
250
219
192
267
190
188
190
204
302
238
180
257
202
248
250
187
206
194
245
256
185
302
182
252
281
181
207
253
236
196
220
238
217
288
230
184
222
250
191
230
187
217
301
207
192
198
241
286
185
289
182
259
188
249
185
287
211
225
242
179
212
186
206
237
203
185
279
278
202
239
182
219
253
188
239
212
185
180
201
201
190
196
189
197
209
183
189
220
209
196
185
284
251
183
227
235
192
211
234
190
292
188
210
211
184
235
204
198
222
214
237
229
210
215
205
225
278
201
197
243
250
254
205
233
217
193
240
181
191
268
181
237
195
176
273
237
183
216
200
190
199
202
244
183
181
190
197
255
199
191
256
194
182
255
287
188
208
247
212
204
186
206
221
203
224
252
199
183
290
225
203
201
270
235
182
217
249
182
186
304
189
215
205
226
253
207
217
236
184
209
228
225
195
209
269
261
253
216
187
189
270
240
257
192
242
227
198
198
237
200
178
281
200
182
252
246
185
260
340
203
251
239
181
261
219
185
200
193
185
234
186
193
218
260
255
183
206
275
204
230
184
254
284
196
235
269
183
212
240
210
187
268
200
227
270
202
201
250
191
280
249
189
226
210
196
193
217
194
218
206
211
195
195
196
247
203
216
214
253
186
184
182
300
181
179
190
207
187
182
193
276
189
184
204
202
184
179
288
192
208
196
254
184
183
192
216
196
183
224
228
185
201
260
187
176
213
211
179
183
217
242
207
195
202
201
197
213
276
230
186
255
198
187
212
219
184
177
208
227
203
198
224
193
214
190
229
201
245
194
280
231
187
217
205
199
184
241
199
190
286
193
179
298
185
187
244
226
186
257
190
185
206
239
189
210
229
181
214
198
215
224
254
193
269
189
187
229
212
192
188
212
211
224
192
209
208
194
196
206
189
182
272
183
204
265
197
192
234
193
193
245
248
181
199
245
181
179
233
241
182
195
289
183
173
228
195
179
233
188
213
201
194
198
197
190
224
199
184
188
215
185
198
198
199
237
188
179
207
213
185
238
194
189
213
205
183
191
219
194
190
232
295
175
286
226
198
285
184
179
257
203
180
257
235
185
218
204
214
214
193
183
203
204
197
260
249
182
261
186
220
226
201
207
248
182
262
188
201
191
224
206
197
190
197
237
229
184
221
182
223
192
211
186
201
196
178
182
196
205
204
180
254
213
173
183
247
207
204
201
201
178
212
185
198
186
229
216
179
218
288
201
224
178
288
194
185
177
214
193
213
184
210
183
195
213
185
176
204
192
196
189
198
196
209
216
191
184
208
263
192
211
240
184
179
230
213
177
191
237
189
188
230
194
204
215
202
206
226
194
199
213
223
263
182
184
224
184
266
202
298
230
225
228
187
264
264
184
266
255
195
186
273
217
185
197
234
190
185
229
215
231
210
191
229
222
199
187
192
193
195
200
207
231
245
179
240
191
223
188
217
264
188
248
282
312
193
188
262
193
247
233
185
247
188
214
305
181
243
270
193
226
257
186
218
225
200
260
243
188
202
201
201
257
182
191
211
182
191
351
217
197
203
210
234
195
234
191
195
236
177
220
182
188
198
224
222
198
386
193
182
227
197
192
194
244
196
224
192
203
263
230
228
350
245
258
262
262
271
270
221
252
274
222
228
222
246
219
237
239
253
249
238
287
253
250
333
268
290
228
282
242
271
249
237
240
234
333
245
326
261
321
233
229
239
226
266
246
225
249
252
285
231
218
275
240
227
286
311
273
217
235
313
278
291
227
264
313
231
333
219
255
285
233
316
266
264
216
226
279
231
214
209
321
282
225
264
304
233
237
293
300
254
244
260
279
241
274
301
259
278
316
254
261
312
322
259
276
225
260
269
273
214
252
224
234
237
317
213
311
310
267
281
292
262
234
224
329
222
254
277
335
291
214
247
239
264
229
239
303
252
239
232
207
307
266
283
184
185
212
237
305
195
206
194
240
273
237
226
277
235
221
293
184
214
275
216
229
238
201
231
207
260
182
187
216
200
212
185
213
279
198
189
183
200
187
257
183
248
179
246
196
192
190
239
242
220
188
173
241
184
190
199
200
190
267
221
237
228
213
214
245
184
240
206
208
185
187
196
239
193
193
208
193
227
262
213
285
189
214
200
220
204
232
233
206
198
189
223
282
202
207
251
180
213
210
187
266
216
254
201
234
220
273
221
181
263
192
193
280
181
253
238
199
222
183
239
209
190
233
193
228
226
239
221
244
215
192
210
219
189
195
195
274
181
223
253
201
256
252
281
237
223
228
221
233
261
295
277
221
250
255
218
272
352
216
224
298
273
252
298
301
243
258
184
242
251
288
202
183
304
253
237
272
257
230
242
404
206
213
341
222
193
261
233
195
194
259
189
220
294
192
188
234
217
202
225
233
229
245
249
208
201
201
305
197
188
221
192
203
281
225
211
259
193
192
212
198
199
183
217
255
183
211
255
213
230
292
183
202
285
182
202
215
290
223
194
281
192
251
198
263
203
206
266
296
213
282
222
203
210
187
235
202
230
187
227
203
180
256
219
178
196
235
217
199
268
182
205
209
207
198
222
190
201
221
195
254
205
202
225
270
184
193
204
190
206
244
198
189
279
235
183
235
188
258
275
211
214
306
188
183
247
214
188
211
233
214
210
256
184
194
246
199
193
200
260
183
203
204
195
214
205
199
212
236
243
182
218
182
198
299
185
222
236
183
176
214
216
179
250
206
179
222
224
179
211
280
182
182
224
191
178
247
240
183
208
276
183
214
214
191
185
216
214
180
233
221
187
242
237
180
238
259
181
229
219
183
259
194
206
257
183
250
246
183
278
210
232
221
205
191
200
306
195
180
256
192
204
319
179
237
206
260
188
240
218
185
194
262
198
213
258
183
243
200
228
272
192
260
229
241
216
445
185
208
247
185
188
251
193
181
257
186
220
218
202
206
259
213
218
223
223
186
247
178
277
261
183
219
259
219
193
220
285
253
216
201
256
229
287
228
435
196
191
224
204
206
202
216
184
185
289
179
193
195
267
185
201
192
270
194
211
188
228
188
204
224
233
188
218
261
184
218
255
236
184
234
204
186
213
183
237
215
234
185
255
277
182
207
256
259
192
202
283
222
194
278
187
195
191
197
242
240
191
221
215
184
249
244
230
247
184
282
182
209
264
186
230
202
285
189
197
219
254
194
190
281
212
176
287
200
203
200
226
237
253
189
186
260
235
179
224
190
193
216
183
196
265
185
177
300
202
201
304
186
179
271
228
184
263
190
270
198
203
191
265
238
227
195
220
186
188
233
278
219
189
276
235
241
188
276
248
182
230
245
181
243
202
185
240
223
217
255
194
179
251
299
182
262
202
194
206
213
245
195
231
287
199
215
259
246
182
265
191
201
303
199
202
270
227
184
271
261
210
194
260
199
237
231
194
296
183
203
227
260
225
279
196
189
232
220
227
234
179
298
186
177
257
231
194
260
252
186
242
197
245
229
243
184
238
211
194
261
187
248
220
217
186
262
192
244
253
204
181
247
183
186
243
225
183
235
302
204
247
191
243
290
182
261
204
209
247
272
231
190
204
224
257
191
201
326
188
218
302
215
187
293
195
214
290
186
221
182
186
207
265
265
195
195
306
200
180
277
186
183
254
245
219
196
193
293
238
208
215
222
275
181
204
231
195
191
281
240
217
229
235
184
201
214
295
186
223
290
183
222
264
220
230
236
188
234
257
207
206
227
181
222
240
189
218
198
275
220
221
180
280
188
210
264
192
216
226
251
245
213
234
210
295
225
231
179
209
238
180
219
246
202
199
331
198
215
267
251
275
196
236
209
194
201
279
216
176
288
247
183
274
209
313
207
264
431
221
199
258
262
220
266
191
245
306
193
188
228
230
275
186
205
270
190
193
334
228
193
255
241
193
278
257
240
236
182
212
206
185
263
188
206
189
252
219
194
206
330
189
182
288
186
185
204
197
191
239
192
208
188
208
190
297
187
188
231
200
232
224
202
233
196
219
271
196
270
187
235
268
187
186
285
183
210
205
185
344
183
247
185
205
214
202
240
185
200
217
195
185
211
216
211
200
237
243
207
200
187
193
261
194
195
232
183
195
201
233
189
254
212
207
187
202
196
224
215
234
183
196
230
206
188
206
284
178
203
216
188
227
187
216
187
186
201
196
184
293
191
194
271
185
204
285
229
220
237
196
183
231
243
179
195
248
184
234
191
230
230
200
197
320
194
181
236
212
194
201
197
212
209
184
285
200
186
213
250
184
215
194
227
187
224
277
185
192
183
195
306
192
182
241
203
208
238
293
183
183
280
185
198
226
204
184
213
195
186
243
183
199
250
189
193
244
217
207
193
222
324
192
193
231
215
197
220
199
189
345
184
242
251
195
190
258
190
193
198
222
197
197
243
214
230
184
272
220
183
184
244
187
325
189
203
181
275
197
203
184
219
207
192
238
191
215
184
217
190
291
198
190
228
182
188
208
185
225
192
254
257
192
194
281
190
188
535
190
200
191
187
209
206
260
206
445
223
202
234
229
196
177
203
254
194
258
194
208
199
184
247
196
231
192
212
180
240
190
210
188
205
180
248
198
191
189
303
224
203
212
223
204
186
211
190
241
245
196
188
198
265
188
184
273
222
183
213
209
224
192
253
220
197
191
185
187
246
236
182
212
203
192
183
235
237
181
184
216
223
194
186
220
214
182
237
193
199
207
218
209
249
203
195
205
238
191
223
226
180
213
226
209
208
189
188
205
238
188
328
228
258
185
196
182
228
211
187
206
231
187
189
266
245
190
190
204
184
236
255
188
269
196
181
219
223
204
207
203
195
203
212
183
182
187
963
180
222
519
184
225
248
200
211
275
209
192
298
182
189
309
228
218
337
227
187
232
331
203
210
294
223
220
287
203
177
374
205
182
320
213
184
216
319
181
292
190
633
240
208
217
220
211
183
303
189
184
315
228
186
280
187
189
277
201
185
297
219
219
259
200
194
257
232
216
189
191
244
307
183
252
232
200
195
249
186
222
256
214
234
256
211
285
206
193
266
266
189
229
204
219
221
209
267
185
194
209
198
223
187
308
269
187
247
245
209
275
188
238
246
201
249
188
231
219
191
226
211
246
203
205
186
232
255
183
206
197
242
196
257
211
208
195
209
200
186
182
218
192
188
183
181
233
204
297
182
302
211
194
196
247
224
232
243
189
184
214
205
195
302
198
236
190
313
190
187
181
258
198
219
224
193
251
201
296
191
275
186
249
274
200
201
200
214
195
194
196
225
184
298
221
197
272
195
184
231
233
187
206
254
206
195
195
232
349
253
212
190
287
183
231
250
250
218
248
183
186
279
183
231
185
251
217
241
197
229
192
242
189
273
219
204
242
213
258
288
290
183
306
223
197
207
272
221
221
190
193
281
182
324
232
196
215
263
199
214
217
189
243
209
180
193
260
209
293
207
222
255
226
183
244
222
295
272
197
191
209
253
239
300
190
203
189
342
210
195
191
234
204
188
182
198
299
181
298
214
190
185
241
234
250
196
201
232
200
211
197
241
231
189
187
290
185
202
241
206
306
201
221
222
194
229
266
187
211
265
256
233
284
191
217
250
236
229
283
198
333
183
269
207
347
228
190
326
235
220
196
251
217
184
188
235
222
233
289
257
207
225
288
293
184
189
277
319
206
240
187
275
203
194
226
335
229
192
310
265
192
229
227
216
208
233
183
217
218
184
265
198
229
245
188
187
191
281
193
195
196
271
189
189
260
243
183
290
184
187
223
204
179
227
252
187
196
195
255
187
210
185
228
201
202
198
233
195
216
277
226
189
210
229
182
221
259
197
203
201
218
284
185
182
195
275
189
180
226
215
242
246
196
185
264
220
205
226
192
184
196
196
187
239
192
188
201
220
179
194
203
181
226
223
175
180
210
192
203
188
180
207
302
188
186
187
238
214
186
201
203
239
184
182
217
214
194
198
209
211
213
209
217
204
212
196
193
195
214
277
198
190
198
217
195
200
218
206
242
230
200
231
201
211
195
246
195
252
254
192
230
219
220
229
200
201
187
204
212
194
225
222
215
209
214
195
205
219
195
193
203
228
205
320
190
257
229
275
254
250
273
228
235
222
225
249
233
254
246
264
226
221
215
271
259
231
235
254
236
250
252
234
239
267
214
213
239
241
203
252
208
232
251
247
221
246
250
206
231
276
253
245
256
272
242
250
246
224
208
292
224
225
261
281
215
228
267
281
223
228
215
264
284
236
265
312
267
210
230
224
216
199
183
185
240
191
268
180
261
190
203
237
191
213
181
232
223
221
204
227
273
185
196
219
196
201
194
190
220
223
209
184
186
192
194
218
182
262
184
271
196
214
230
211
230
222
210
205
316
215
186
234
268
193
186
193
191
255
236
227
285
182
193
226
283
282
237
258
295
271
268
282
342
328
252
275
313
358
291
354
282
297
368
317
358
283
371
258
234
216
314
303
220
242
253
259
199
275
194
196
209
194
262
204
271
334
203
246
191
262
303
280
311
203
191
351
183
275
213
204
194
262
194
216
196
204
192
201
255
260
253
293
176
206
260
188
272
260
189
289
296
184
208
230
326
186
268
244
210
248
232
274
193
288
180
250
255
296
215
246
211
218
305
188
304
218
185
286
180
242
292
187
241
196
387
188
186
205
213
185
265
203
201
252
226
255
270
193
259
245
198
303
187
291
261
216
261
196
219
283
237
283
298
186
190
218
206
360
270
178
344
274
246
241
215
235
183
229
215
186
194
214
273
225
213
227
335
212
231
329
202
290
248
205
271
223
210
202
195
257
245
255
226
234
250
210
251
179
299
232
187
193
240
185
203
289
217
215
353
196
288
331
182
194
198
189
250
191
317
184
292
214
207
284
217
248
220
223
246
262
184
240
197
183
271
206
178
232
286
196
197
247
191
199
234
236
226
188
235
202
204
253
251
206
221
231
180
226
261
179
221
222
200
186
198
348
185
206
252
197
240
226
184
232
225
185
186
183
222
211
254
201
192
314
187
242
262
218
207
180
184
271
295
194
197
252
183
275
245
182
316
249
189
200
225
190
232
238
251
240
212
263
257
194
231
268
229
190
189
245
191
207
291
280
210
234
215
208
186
292
183
235
214
210
213
297
229
189
191
198
184
295
212
218
220
201
231
193
184
216
213
182
242
187
236
213
178
232
238
247
189
198
220
246
187
299
223
203
301
196
326
207
193
250
200
297
183
203
256
284
304
202
253
291
182
231
184
207
246
343
253
185
210
317
179
269
255
209
224
259
195
203
207
193
204
187
263
214
302
226
182
255
186
236
198
185
258
197
229
181
306
202
216
242
186
250
241
244
190
185
221
183
218
224
206
179
211
254
188
188
212
243
236
181
210
242
228
349
186
244
184
190
204
182
197
216
255
264
185
227
212
197
201
193
216
227
349
193
182
200
283
251
229
183
198
232
219
241
221
233
217
235
188
255
242
176
4029
210
197
197
194
200
231
188
216
206
425
269
212
184
186
239
183
263
187
242
255
228
225
207
308
186
274
186
195
223
198
240
201
254
183
197
195
246
232
251
258
185
212
183
207
214
181
225
229
220
178
199
211
214
291
261
199
202
190
244
291
190
257
184
199
204
196
224
201
182
223
232
184
179
213
196
284
192
249
208
205
223
202
257
232
191
187
237
254
192
292
205
244
207
288
297
253
182
187
203
193
207
192
210
197
296
194
213
189
210
227
216
200
189
330
230
185
175
222
188
238
183
220
180
217
181
212
188
191
254
184
210
193
190
233
198
192
264
197
210
184
216
248
187
186
189
193
232
186
184
236
281
276
186
200
189
213
179
181
242
182
204
185
279
198
296
185
219
202
230
201
186
179
187
183
216
175
202
184
223
240
186
177
215
200
183
182
208
188
178
189
211
188
193
196
179
184
257
241
202
242
202
180
195
229
257
242
181
196
204
234
199
176
182
294
228
184
200
219
227
192
190
180
264
189
204
194
187
180
392
180
227
212
187
352
214
238
186
203
198
191
211
237
191
260
235
212
224
185
257
214
193
223
235
204
201
192
226
473
211
227
193
248
204
256
218
186
259
643
219
214
183
208
228
255
312
184
207
193
205
240
202
256
711
192
186
235
230
186
187
182
186
181
194
181
177
193
265
225
181
215
213
177
171
184
311
181
181
197
269
178
191
243
186
177
215
289
180
174
229
257
180
204
213
254
182
201
189
201
182
215
212
188
177
205
256
180
177
206
211
198
178
198
207
218
183
193
239
211
185
182
218
220
194
186
205
211
210
189
180
207
200
208
180
190
226
200
192
182
191
200
225
205
182
212
191
184
194
189
237
236
184
186
295
237
186
289
190
185
196
223
180
254
190
180
224
203
186
204
201
241
181
179
265
250
221
208
392
284
239
242
255
265
224
209
289
217
321
233
287
262
262
224
224
258
218
332
240
209
280
280
329
307
278
322
220
259
244
336
234
231
253
289
272
248
314
311
260
229
311
228
223
208
226
210
238
237
259
239
304
416
220
279
204
314
305
261
258
222
295
252
281
247
229
316
239
340
271
278
243
237
254
255
277
284
261
268
233
330
247
283
298
245
227
240
283
283
245
250
308
246
227
284
224
315
244
237
272
245
366
308
259
321
262
339
279
245
265
294
306
267
232
248
255
308
269
224
275
250
259
278
256
290
285
291
250
298
320
262
271
272
255
237
313
311
241
236
208
286
352
291
229
344
265
286
287
293
248
246
331
239
246
282
317
280
349
268
235
388
251
256
345
258
242
292
311
264
318
240
282
312
230
282
330
311
425
326
260
233
238
273
235
316
253
224
314
292
286
243
276
254
274
234
296
238
259
247
241
358
234
246
270
285
368
258
240
239
307
331
227
238
280
244
310
239
282
247
250
331
272
220
224
221
282
284
254
252
282
326
217
262
215
302
307
268
242
211
289
317
270
225
217
215
337
242
295
228
226
392
192
201
240
269
219
205
274
229
237
275
223
247
225
241
259
219
249
258
207
246
218
312
239
230
191
332
199
340
262
272
205
218
243
243
250
208
259
222
294
244
186
188
217
236
245
225
229
217
188
230
279
208
213
231
182
192
220
204
187
181
240
189
196
206
329
207
191
246
191
243
238
194
262
257
301
241
297
223
368
249
246
223
238
283
239
303
194
207
211
259
205
281
247
193
197
197
194
261
249
200
205
203
201
218
245
188
186
302
207
199
196
191
191
211
195
200
200
240
192
209
187
196
220
230
174
173
174
213
202
198
181
176
187
254
182
255
184
236
175
176
174
200
181
178
197
174
210
475
194
184
220
192
205
196
246
195
225
187
238
206
226
183
254
214
210
181
246
210
190
220
193
218
184
268
202
189
200
199
260
180
192
246
186
228
187
206
211
246
221
192
204
236
194
244
191
205
228
190
208
208
199
194
192
210
239
198
191
196
191
312
195
186
201
226
190
250
194
250
211
200
301
206
229
217
227
190
200
205
189
194
200
309
206
196
264
191
207
191
201
194
187
227
229
189
200
192
227
206
265
223
181
193
199
239
202
233
232
186
186
254
215
193
199
203
200
216
234
211
200
217
207
218
219
199
243
197
185
264
202
196
185
197
251
184
200
215
262
186
196
304
193
189
196
223
187
182
245
273
185
242
238
203
191
183
194
207
194
212
238
188
193
215
203
185
192
234
184
195
226
196
247
216
240
311
211
243
342
292
237
266
326
345
246
305
361
227
389
242
208
216
277
257
287
309
192
194
234
304
245
230
191
235
233
225
229
302
248
192
190
323
229
203
190
300
185
213
210
297
188
219
249
200
205
204
261
252
184
192
234
205
181
310
273
193
226
204
223
189
192
274
230
178
251
313
179
184
267
222
272
193
257
224
190
226
213
206
229
233
221
193
200
268
202
199
314
186
191
251
194
188
232
209
277
192
184
283
242
196
229
208
264
231
193
186
193
294
226
210
288
186
188
259
310
181
253
187
199
207
217
206
235
210
194
296
205
240
264
210
212
267
268
187
242
184
203
217
259
184
261
182
201
207
189
252
223
186
202
213
216
267
215
248
209
225
228
229
262
258
236
213
183
193
239
199
198
223
248
250
181
232
209
191
227
197
196
210
200
182
265
203
194
226
288
204
205
224
229
182
218
182
187
210
178
199
256
194
273
188
247
224
183
237
184
234
206
183
186
224
213
201
178
216
183
182
201
182
181
197
218
230
186
216
185
203
238
179
188
203
196
183
200
197
187
218
179
190
202
207
177
208
192
191
188
186
195
180
188
183
217
208
193
197
190
220
183
193
207
185
232
186
209
194
204
236
199
222
201
221
230
197
227
197
197
200
210
200
191
204
189
208
215
251
312
204
206
198
192
225
236
217
187
223
200
216
185
230
196
203
207
217
184
224
201
240
242
207
198
198
229
184
229
198
185
178
218
199
180
204
238
178
191
237
215
182
187
195
221
189
181
236
213
183
183
196
208
183
243
190
200
195
206
189
224
196
187
200
253
220
180
183
215
201
291
221
186
185
231
184
178
192
186
193
183
178
191
204
185
214
215
192
185
184
183
195
197
215
213
218
205
213
182
180
268
236
239
231
198
175
174
222
241
211
209
184
177
177
207
189
188
220
197
184
216
189
199
184
222
203
202
183
221
187
209
194
237
195
184
208
189
192
196
258
213
186
193
208
184
190
194
219
223
246
192
184
232
194
196
191
201
183
181
179
180
179
176
187
182
176
170
176
198
183
234
202
175
172
183
172
204
197
188
169
175
172
181
200
193
206
197
175
189
198
193
237
208
182
182
284
206
195
185
215
303
183
196
187
250
302
189
185
195
187
202
259
185
182
246
191
212
181
208
213
186
181
209
187
224
226
193
193
229
191
228
192
222
217
224
238
233
180
232
195
189
294
191
205
268
235
182
186
194
246
208
215
193
211
208
230
189
244
200
212
219
207
201
291
195
183
208
231
219
228
207
192
257
187
238
224
198
294
190
247
206
222
211
199
201
201
228
192
213
252
197
183
248
229
204
236
199
217
201
256
280
185
195
191
267
366
194
208
255
201
226
212
275
192
356
284
243
209
301
273
272
202
241
235
219
200
252
318
241
273
243
224
320
235
264
230
182
312
208
211
253
289
249
207
272
252
329
287
267
205
330
207
247
216
200
222
271
286
206
255
195
216
235
268
232
228
213
319
245
186
186
327
190
242
213
256
228
232
185
189
218
237
205
202
193
285
186
187
381
236
194
215
317
196
296
185
275
190
223
184
191
330
182
187
274
193
194
182
284
205
227
292
183
218
263
219
186
293
193
221
296
205
228
188
212
223
209
200
228
271
210
198
227
186
179
277
189
181
264
249
242
205
186
207
213
270
185
337
269
188
213
204
231
186
187
275
192
232
241
221
188
220
203
218
184
187
320
217
229
217
203
236
262
295
182
179
252
237
220
200
195
191
195
231
196
188
249
248
190
222
227
187
216
271
247
198
308
190
180
234
283
196
270
250
199
193
245
184
189
258
238
185
221
217
197
178
243
215
190
245
339
200
184
202
215
186
201
192
255
212
241
192
183
194
199
200
305
193
229
216
222
195
207
188
239
197
208
269
182
289
252
184
188
217
300
218
223
208
199
198
231
226
192
274
209
182
205
320
195
180
284
215
190
238
202
243
191
194
235
213
217
186
242
185
190
236
235
183
234
224
190
194
222
211
256
215
194
221
195
197
211
190
187
350
195
186
193
235
196
184
259
195
201
286
185
195
210
213
183
191
202
202
227
199
219
197
266
189
201
269
224
183
273
261
183
265
257
227
211
289
195
184
204
295
184
224
336
182
215
199
274
193
263
191
209
205
180
188
312
217
190
229
186
198
273
192
187
206
309
186
187
227
215
193
184
305
229
191
194
259
223
248
206
198
188
198
190
261
287
180
185
215
311
191
208
192
286
252
187
220
194
192
276
223
208
306
238
226
206
268
185
217
217
204
183
214
271
187
208
225
223
185
211
201
216
212
189
184
229
268
186
254
209
192
266
207
236
248
208
192
189
212
228
263
180
239
199
225
219
251
305
185
340
222
182
203
294
192
243
204
215
275
241
197
245
205
222
184
205
341
182
201
374
211
184
230
266
184
205
261
182
227
201
254
244
257
196
315
209
201
185
231
278
188
222
297
194
223
275
185
184
302
304
211
207
285
256
229
227
212
185
193
201
187
259
305
183
202
211
189
305
221
181
277
189
229
280
255
181
271
187
259
268
227
183
306
267
190
249
191
179
267
202
210
268
229
213
196
191
215
201
187
241
212
268
289
188
204
234
259
219
269
195
292
196
203
308
183
190
253
206
178
306
211
186
241
262
200
204
238
196
201
207
222
231
185
236
221
187
280
260
182
215
273
182
309
187
206
187
208
270
179
241
294
183
218
244
191
182
191
343
185
205
255
210
184
270
235
187
262
193
189
227
244
182
188
259
180
245
278
204
179
221
246
180
224
298
192
194
223
228
184
221
319
227
192
217
348
181
209
298
201
246
187
288
182
224
291
238
185
209
182
181
354
285
180
254
224
189
219
240
182
181
260
196
182
249
263
190
233
303
183
204
248
182
204
226
186
197
218
242
195
221
241
310
196
224
232
199
230
210
201
199
253
209
197
276
221
187
302
210
180
273
191
190
208
260
196
207
204
191
229
244
202
209
212
192
246
190
287
231
195
217
242
184
204
254
184
252
317
184
199
248
194
184
227
195
181
262
197
223
292
188
290
244
224
181
254
233
179
194
279
233
247
183
275
195
195
306
263
182
322
211
182
220
281
217
195
229
197
184
284
203
201
245
260
215
187
190
258
219
198
193
206
259
186
245
226
206
196
328
228
179
217
313
186
211
244
248
215
186
219
264
183
268
200
251
192
188
305
188
195
313
188
192
194
308
199
205
219
234
191
285
200
192
182
270
239
185
275
230
200
259
194
261
229
230
199
198
243
206
259
259
205
181
189
265
185
177
305
188
178
234
258
183
218
393
202
183
240
253
183
222
371
184
190
270
239
180
225
202
189
298
201
179
222
221
185
302
214
183
202
244
186
193
275
220
185
191
366
191
183
330
227
185
209
260
223
182
227
345
184
206
200
197
201
182
197
182
227
332
185
234
210
267
215
229
239
199
236
215
181
283
253
180
291
260
194
185
254
297
181
206
203
222
193
189
282
190
203
216
215
192
220
221
202
199
192
290
183
267
185
217
187
211
193
211
203
188
217
188
289
181
184
229
279
199
192
272
182
183
358
229
183
324
245
183
229
195
186
178
312
212
194
231
210
267
184
363
195
191
247
206
274
184
227
259
183
210
214
194
198
214
220
210
201
285
195
210
226
302
194
189
332
215
183
242
188
247
301
185
222
202
211
208
234
275
185
205
264
181
200
257
184
177
314
185
179
305
189
185
278
219
184
300
228
180
213
239
190
182
289
247
195
272
215
244
226
233
192
211
282
276
187
184
241
196
183
268
201
190
272
219
194
188
304
183
205
254
186
248
207
274
309
188
215
184
242
244
306
183
303
228
208
185
277
182
192
304
183
184
244
188
187
323
192
186
248
282
215
208
283
233
193
216
221
240
191
195
232
293
197
179
290
277
187
230
285
183
194
285
280
198
204
210
233
179
298
217
197
258
237
197
230
215
187
271
183
191
222
222
196
291
198
237
250
182
208
202
242
197
193
188
262
183
213
216
215
200
241
189
193
320
183
193
275
184
197
248
238
182
349
286
180
272
224
294
258
247
203
227
212
194
317
240
181
243
240
185
207
189
186
294
263
197
187
326
190
212
243
195
214
215
193
220
181
269
231
213
197
201
206
265
269
179
262
235
197
254
218
225
182
307
255
182
215
271
192
202
249
182
197
271
214
214
247
204
207
193
258
227
183
285
409
183
196
387
225
194
190
244
195
280
215
205
261
291
214
233
238
208
203
230
203
197
196
255
284
191
317
232
185
312
251
188
294
183
244
344
201
190
298
213
207
224
191
249
216
190
261
205
204
284
215
212
229
186
188
220
185
207
213
254
201
185
225
204
214
192
209
207
186
367
185
230
230
184
208
309
187
189
202
252
184
198
245
241
230
206
238
196
198
257
208
185
328
274
191
252
218
220
228
257
185
185
229
214
237
221
182
249
191
201
257
244
247
236
182
304
225
191
262
249
187
294
188
210
253
193
304
191
198
258
186
199
218
206
220
198
227
185
215
270
212
246
224
