190
358
307
235
378
398
197
259
367
206
291
352
402
293
251
241
240
371
258
221
204
200
183
273
191
212
186
223
195
231
282
225
183
209
199
197
215
223
265
185
224
221
276
183
252
241
318
224
201
182
365
253
207
203
367
192
211
236
190
226
391
211
212
210
183
258
221
190
193
279
194
192
262
193
389
227
181
197
230
359
187
372
185
228
268
202
367
193
188
210
186
239
187
187
204
222
222
192
350
187
316
208
254
238
187
209
222
183
303
187
188
199
224
252
194
194
269
191
239
378
312
184
395
265
218
405
264
190
263
222
398
196
193
374
199
327
226
193
233
214
381
193
394
196
225
210
188
227
187
406
199
207
190
284
229
187
311
195
401
323
192
375
212
300
392
207
351
221
184
201
193
277
211
199
241
184
191
314
194
394
207
185
315
295
230
381
217
221
220
416
202
383
202
199
190
371
196
191
191
282
279
209
208
191
198
199
211
200
186
378
201
199
194
198
390
209
195
219
186
409
203
204
197
246
212
381
193
188
203
194
280
195
370
207
186
313
192
219
228
221
315
212
261
270
213
300
221
252
231
195
197
231
194
198
438
199
187
200
181
185
215
205
195
302
221
226
225
370
230
256
291
272
188
363
365
201
229
321
269
279
391
212
237
268
205
305
275
216
236
226
214
485
319
218
190
203
228
243
197
243
461
226
191
1051
215
223
209
287
204
305
205
231
233
312
225
189
239
255
242
247
445
249
197
252
249
285
298
221
225
243
259
232
244
313
232
297
326
286
356
379
359
283
220
410
406
427
326
391
374
394
456
415
305
436
431
455
374
418
434
424
431
373
464
413
427
384
349
392
405
214
401
412
380
420
385
246
381
416
375
274
365
358
312
198
291
252
292
244
319
211
233
248
392
289
193
258
384
364
210
233
438
213
188
190
257
247
210
212
448
212
278
208
359
189
302
279
201
305
249
205
190
293
201
234
289
320
189
205
240
409
213
236
283
265
224
260
237
212
210
203
206
369
321
290
208
290
201
391
207
201
441
409
283
273
418
260
251
279
356
190
322
323
199
183
252
202
206
236
292
241
216
298
240
185
249
190
197
191
449
212
185
192
227
199
239
405
285
200
224
414
292
207
187
185
371
188
255
218
260
201
194
188
213
189
362
201
253
250
213
188
198
413
206
224
272
360
192
260
196
216
206
305
381
233
321
242
385
242
215
181
424
184
232
262
240
196
357
277
192
397
196
400
240
361
189
371
201
229
186
331
238
184
248
179
209
214
367
197
310
364
267
263
184
423
250
252
251
214
369
195
330
294
291
389
225
182
428
228
186
239
265
370
214
223
195
204
281
239
196
195
290
215
223
407
194
249
327
231
308
205
370
205
180
424
223
214
261
210
228
283
208
262
234
193
275
315
237
198
191
385
209
182
240
427
206
182
208
403
210
200
225
353
310
193
243
368
351
226
224
434
235
219
240
418
264
218
276
373
212
224
233
329
400
233
184
366
210
414
193
476
232
204
372
251
411
417
214
440
204
254
286
292
210
314
199
437
213
325
240
211
383
215
378
219
434
194
259
397
357
196
389
211
447
198
212
430
274
210
245
217
207
325
181
207
206
315
258
199
204
311
184
234
195
287
180
401
312
225
321
228
182
310
242
240
192
187
316
316
190
203
201
255
190
254
219
193
292
215
177
210
324
233
223
272
311
183
206
208
359
217
193
218
283
373
190
205
324
383
187
229
404
232
194
204
315
218
188
435
204
201
198
378
275
193
503
216
217
205
188
372
207
205
263
306
187
250
270
191
209
194
220
225
261
223
209
201
255
184
190
199
247
205
194
246
223
350
187
217
310
200
241
191
320
204
199
259
201
285
286
362
214
201
280
216
392
230
224
202
306
401
184
191
190
243
295
389
220
236
191
245
189
225
279
246
276
199
215
304
181
289
208
192
360
182
365
299
187
431
239
199
289
180
212
307
277
325
198
197
180
229
358
201
259
192
183
285
213
197
178
311
194
195
464
182
201
194
416
237
187
182
317
227
182
412
214
180
225
214
205
205
372
355
187
408
183
262
241
192
201
183
216
181
223
177
212
392
190
221
283
394
196
206
316
203
207
394
190
184
376
181
207
200
257
296
184
384
187
288
400
188
394
354
186
357
362
182
389
250
197
256
194
199
288
398
218
196
186
200
196
328
216
195
320
186
276
389
201
435
301
179
441
199
221
479
212
325
213
219
364
198
380
182
195
296
384
417
409
435
302
402
238
383
314
216
411
353
360
198
396
209
372
196
411
198
180
291
207
362
208
273
200
205
419
216
193
213
201
220
391
186
403
194
327
195
180
358
368
383
180
465
196
183
182
200
264
183
208
371
184
218
280
320
200
287
267
182
369
327
200
382
217
187
184
204
236
383
188
384
382
184
195
453
184
316
204
200
348
474
183
187
240
195
186
222
371
181
212
474
194
290
242
203
274
379
183
281
268
196
310
326
178
369
320
179
377
220
184
374
217
189
330
198
199
289
227
198
201
367
192
363
291
233
373
297
204
193
371
211
180
404
199
419
218
375
418
210
218
461
201
226
409
177
206
365
197
190
209
470
198
523
274
205
320
196
181
404
205
181
255
185
198
423
191
185
438
211
187
418
209
217
409
237
330
198
198
426
183
185
197
296
214
429
206
201
393
201
191
449
218
218
410
218
200
298
358
202
183
294
196
185
413
211
211
191
311
218
207
189
369
274
204
357
258
197
226
275
192
383
534
359
216
213
207
193
237
460
180
232
411
192
195
389
365
186
368
379
203
441
256
194
226
289
189
221
360
194
205
362
239
192
237
404
201
200
367
189
365
183
194
490
218
194
477
206
188
216
196
195
212
442
225
202
354
204
194
362
189
188
376
188
201
188
207
177
414
364
225
327
233
203
282
190
369
327
178
185
383
329
226
195
459
237
441
187
202
196
323
307
189
254
393
189
208
184
307
181
367
415
194
198
219
250
202
284
313
196
184
190
426
207
190
187
386
499
192
211
193
190
330
422
296
279
510
198
249
211
409
188
185
377
305
361
190
213
187
275
196
395
225
181
199
273
240
309
184
492
183
205
422
179
199
205
419
328
184
429
198
200
330
196
369
198
199
291
201
179
178
397
312
201
206
407
184
239
197
220
201
191
378
216
184
184
329
208
199
424
355
219
325
245
196
361
358
194
316
330
451
210
424
194
197
384
191
235
198
270
179
289
438
190
487
200
228
395
182
438
181
192
326
230
197
195
235
437
194
239
316
180
211
179
383
187
219
191
194
295
203
369
203
402
284
234
380
217
201
470
206
294
291
368
207
251
311
368
306
187
377
253
182
271
196
366
278
204
218
373
324
206
187
447
202
302
371
249
203
361
315
236
302
197
404
367
201
298
383
194
311
200
393
186
383
222
192
190
197
193
219
437
378
191
376
287
209
188
289
198
210
398
179
199
312
215
225
282
205
212
326
283
183
302
180
207
200
366
193
208
315
181
189
318
238
186
320
216
228
184
363
268
195
180
192
394
182
365
181
190
211
391
267
291
183
216
322
183
310
211
385
183
195
413
191
185
591
405
194
210
441
394
209
285
195
185
190
195
313
310
307
183
192
187
308
194
331
312
189
293
213
184
187
405
218
185
280
297
206
371
324
237
212
209
384
367
189
215
187
318
210
221
314
373
252
190
273
399
234
186
399
234
205
402
189
234
188
422
193
180
237
192
219
362
447
218
183
425
183
232
229
242
273
205
461
189
216
219
261
576
184
232
200
192
215
399
188
251
396
199
240
390
183
241
237
232
204
381
274
186
380
234
261
383
237
183
372
217
193
405
247
183
372
218
183
434
248
183
401
227
183
211
378
191
388
214
212
408
197
270
415
201
232
402
216
203
374
196
191
210
392
203
377
369
185
206
198
203
206
196
241
394
206
186
405
184
200
388
213
183
317
211
201
375
184
208
275
198
181
181
269
202
397
180
177
446
181
185
184
200
366
266
197
202
353
184
308
197
185
221
263
308
206
182
187
374
190
183
191
188
185
194
188
257
190
182
190
447
208
184
186
229
193
203
183
201
282
366
184
182
186
364
368
367
419
435
420
437
387
321
356
400
395
203
393
390
414
573
394
405
308
386
405
289
383
367
410
185
412
364
361
402
359
444
381
387
182
399
408
390
389
306
396
279
186
375
219
373
186
327
259
186
455
189
283
375
244
188
207
366
375
194
307
197
294
216
327
291
320
188
192
196
281
188
368
223
249
246
235
185
366
203
373
201
197
225
415
200
208
214
370
269
261
202
231
206
189
240
232
230
312
192
233
184
381
193
222
393
197
207
188
393
196
193
201
402
216
194
312
269
240
266
184
202
288
190
210
363
198
212
189
247
214
243
411
239
258
205
312
213
220
192
450
205
187
394
323
207
225
261
277
196
184
191
267
187
192
214
330
196
293
268
189
197
253
213
187
398
213
207
221
228
207
186
266
409
190
214
245
194
197
228
212
185
203
213
391
231
206
206
422
197
189
314
199
206
223
375
200
235
320
195
194
304
328
190
218
279
208
180
227
370
184
227
262
230
178
253
282
184
187
272
187
190
210
211
183
188
225
236
273
252
178
299
195
188
248
411
214
175
278
404
183
195
392
198
175
227
412
180
201
246
306
180
198
271
184
207
224
377
199
262
191
259
183
184
188
240
196
215
183
186
327
195
215
201
244
205
197
219
189
366
224
204
373
192
220
222
205
248
315
183
206
300
303
208
266
384
200
250
398
195
303
282
203
272
314
202
284
413
233
201
266
175
235
408
196
260
190
197
263
197
392
255
214
386
260
325
274
254
293
188
198
270
191
276
380
206
303
429
211
285
328
191
180
316
178
202
237
266
266
292
388
290
197
211
198
188
269
187
186
434
260
183
213
394
188
187
284
322
197
314
316
207
536
326
189
192
372
228
230
217
317
206
238
257
216
220
189
223
182
286
251
183
194
223
199
183
262
258
185
202
240
215
182
240
367
192
183
420
186
237
210
191
269
300
184
200
195
233
197
221
314
191
234
305
408
254
234
276
267
206
201
251
289
221
200
202
183
188
246
239
196
180
236
221
193
288
483
306
218
252
374
254
184
249
268
199
210
262
226
208
285
217
227
222
313
225
295
234
378
230
190
311
201
246
261
304
189
205
249
321
226
195
263
211
225
255
218
326
200
197
207
260
203
207
273
271
373
232
237
300
230
353
197
194
203
236
367
215
212
373
228
254
246
264
301
252
307
183
241
238
202
186
194
271
264
241
243
244
239
213
222
271
265
180
284
259
202
257
190
207
226
178
215
400
263
208
187
193
263
244
184
183
200
187
190
211
219
205
246
255
212
275
215
208
391
198
181
218
283
182
258
180
309
224
267
196
206
255
191
192
383
185
239
235
229
199
183
402
181
198
233
285
208
213
253
270
252
202
192
363
206
210
177
262
206
177
187
287
247
191
179
322
215
241
180
239
271
187
260
225
199
292
206
195
321
240
231
220
272
184
388
195
186
298
234
195
414
180
182
190
181
202
256
182
199
265
179
218
277
201
208
182
178
288
240
184
230
183
306
188
222
423
189
218
490
476
199
365
217
240
431
219
190
361
357
195
266
216
189
380
208
190
430
190
225
255
230
361
388
232
185
380
218
233
287
208
392
243
219
182
214
203
244
226
201
179
188
243
304
181
185
224
320
287
201
277
181
404
190
296
245
187
444
222
370
304
177
289
214
394
197
184
418
185
412
198
403
209
190
383
222
213
429
375
326
242
192
329
208
372
185
200
189
379
189
410
243
206
195
216
310
185
193
195
181
390
187
219
193
391
232
293
183
245
192
194
226
229
190
182
263
189
182
209
211
232
185
287
191
191
185
375
371
241
181
186
223
387
197
190
211
189
216
215
195
350
204
183
375
183
440
180
191
185
186
257
194
371
177
183
220
186
193
232
196
208
199
186
227
229
233
232
196
241
183
217
194
316
189
204
204
181
189
194
183
305
185
188
226
182
211
263
221
200
204
230
202
206
216
187
201
245
187
195
192
266
191
206
208
197
207
221
196
205
293
185
254
185
262
194
269
227
192
196
233
231
232
205
192
217
205
216
269
183
181
195
189
187
195
204
196
180
192
193
188
210
266
226
205
248
183
194
180
194
213
248
180
207
223
215
201
262
236
209
234
186
280
184
277
186
194
243
251
231
198
305
204
196
212
210
187
396
205
239
294
185
269
274
188
300
246
286
199
230
187
290
389
235
317
225
183
313
190
259
183
314
263
220
185
238
309
327
216
361
271
197
267
213
306
293
199
225
220
318
300
219
425
242
182
194
192
322
287
191
322
195
199
181
372
400
186
213
182
200
189
359
225
353
256
191
300
303
378
197
183
252
240
287
183
415
183
412
212
430
231
194
419
245
253
320
287
214
198
302
287
307
322
262
260
209
231
186
235
242
202
387
239
203
249
220
208
410
222
201
302
188
182
391
179
206
399
207
239
368
183
244
354
220
184
234
199
328
250
190
201
397
240
241
194
374
183
191
286
234
290
397
181
299
200
298
192
187
373
178
195
200
295
318
188
187
208
236
204
197
200
220
198
365
327
285
371
307
318
326
381
351
414
377
270
411
365
318
361
310
441
316
322
388
323
252
374
327
256
308
319
320
396
362
318
363
362
291
385
314
389
366
322
321
309
384
347
324
280
245
312
219
387
291
264
376
273
412
285
361
374
354
380
405
408
519
369
352
385
421
391
357
189
330
369
393
363
317
329
366
369
318
443
386
304
331
406
421
380
263
324
430
404
369
319
407
354
368
312
405
329
383
255
364
354
287
365
393
183
382
370
306
218
212
318
358
195
196
354
183
206
316
183
197
357
183
311
295
185
186
185
188
201
179
309
184
183
214
237
202
231
308
415
240
397
202
388
373
190
386
211
231
189
301
217
266
364
236
198
213
304
390
193
227
399
198
378
196
457
196
230
326
213
189
385
197
323
230
264
197
317
195
371
232
263
184
426
214
209
187
191
234
204
273
189
210
186
211
391
371
214
186
284
226
388
185
380
197
192
180
290
396
201
233
429
247
375
320
228
226
178
326
182
191
212
382
186
205
428
181
216
225
451
198
310
567
224
312
190
379
207
371
182
258
695
186
404
412
209
186
244
192
231
196
367
201
419
232
198
285
296
181
283
200
408
195
183
321
183
401
329
195
179
395
197
257
324
358
202
369
373
188
289
374
201
197
330
179
273
200
384
178
306
391
193
222
198
234
304
203
191
372
187
292
396
204
302
200
268
322
189
276
284
193
449
323
275
301
200
202
398
183
197
357
199
210
190
209
293
186
182
257
417
270
180
198
180
228
246
322
188
251
364
191
257
370
228
232
386
191
199
243
324
190
218
193
274
190
243
199
295
202
234
189
238
216
183
228
401
243
231
214
379
198
244
445
219
219
201
319
184
244
242
209
199
190
266
214
234
291
275
399
211
212
213
193
375
365
189
363
239
182
178
373
276
189
214
389
189
200
409
214
223
202
236
318
184
204
298
235
237
219
237
374
181
310
273
184
189
244
273
184
228
382
217
179
242
326
185
174
363
211
183
206
259
199
182
231
220
190
177
232
388
188
183
205
210
222
188
263
201
215
183
265
246
199
183
376
240
184
218
243
193
209
226
181
277
179
276
204
266
205
177
195
218
199
301
180
222
410
178
179
286
397
181
178
278
221
178
299
203
186
270
244
181
494
182
246
207
214
178
247
305
207
189
202
244
175
235
216
180
193
236
182
180
220
192
181
212
291
208
230
181
271
232
218
184
328
193
199
223
239
181
234
226
391
179
192
227
304
201
182
302
280
232
218
182
286
215
258
185
218
180
286
180
204
187
222
184
180
391
179
257
288
202
184
283
191
237
236
180
316
374
185
225
303
189
241
196
301
281
183
370
181
283
183
182
183
263
184
180
384
296
176
191
462
183
291
277
401
207
187
265
220
181
270
370
187
181
357
293
187
249
182
180
281
230
299
185
204
309
219
197
205
258
188
198
209
331
215
185
469
178
183
185
374
198
329
219
182
289
418
210
320
212
183
352
183
242
314
188
185
183
384
197
214
280
205
415
208
188
380
181
243
397
187
206
376
181
179
200
270
312
186
200
358
184
180
268
226
180
208
280
187
233
311
218
224
186
267
189
188
294
204
324
198
330
196
189
180
384
185
178
184
219
184
225
383
373
197
186
234
371
183
299
207
185
357
353
186
248
256
197
186
386
244
197
327
221
202
246
413
183
210
210
284
184
452
486
324
195
403
408
191
395
248
326
372
375
307
399
312
320
388
529
320
326
368
407
399
316
463
318
364
356
404
495
481
321
350
372
472
365
322
362
381
460
407
189
308
295
189
362
189
400
393
191
193
493
325
190
366
419
270
189
323
188
331
180
464
188
190
324
365
370
185
188
415
184
283
185
410
326
178
294
385
180
214
388
200
306
287
188
364
182
186
324
239
192
367
195
187
329
311
181
480
248
252
285
211
380
273
211
286
415
181
285
379
186
185
394
200
202
190
213
196
188
177
363
327
189
318
209
204
217
306
228
241
191
317
216
260
190
182
235
189
319
200
208
423
185
215
215
299
215
199
229
183
315
185
374
262
323
184
356
202
298
184
186
328
303
178
265
401
181
195
427
183
192
328
375
187
202
438
197
192
326
367
213
266
385
187
359
191
385
310
183
204
313
240
183
407
184
183
204
403
229
183
227
180
179
276
408
187
243
222
321
184
374
195
176
181
407
288
180
188
407
218
198
197
373
187
198
274
220
188
235
425
239
262
355
408
364
383
299
286
299
324
448
289
302
406
271
317
315
315
294
468
361
282
331
313
319
281
314
283
329
396
299
272
284
315
436
238
299
310
296
291
255
389
390
358
432
301
245
238
212
300
235
422
184
193
243
191
310
187
182
296
378
181
257
312
288
224
277
300
228
193
206
390
230
239
374
189
190
255
385
185
183
300
209
179
206
457
213
208
206
444
187
249
235
210
368
181
439
212
401
186
321
325
185
270
228
184
193
280
222
182
357
369
198
331
233
423
187
198
397
263
203
211
372
321
190
209
373
216
275
304
328
200
366
192
257
205
227
198
242
368
320
200
186
209
201
214
317
397
184
368
474
198
188
188
392
187
236
194
259
186
244
207
434
248
188
191
385
207
210
268
199
353
220
207
199
183
313
225
231
190
439
383
206
191
270
225
248
268
197
396
223
208
207
313
226
187
378
189
359
296
222
193
216
291
249
278
330
242
192
255
222
200
310
219
355
220
232
273
205
442
235
213
394
355
361
203
234
421
229
238
423
323
269
398
357
228
373
244
229
194
370
269
214
398
209
377
403
209
188
426
248
230
290
237
210
291
317
237
214
265
303
211
235
242
241
308
213
220
241
206
194
302
369
231
203
362
392
188
219
231
235
199
192
325
189
251
240
358
195
301
234
357
188
302
252
225
254
222
242
205
310
229
215
205
228
425
189
249
234
423
234
237
206
379
184
293
206
405
183
318
243
360
284
222
241
371
318
235
191
326
211
227
265
224
180
249
367
262
181
398
216
230
193
239
213
182
240
367
307
196
200
216
309
218
194
235
372
279
269
194
243
194
198
191
371
194
184
216
380
292
179
230
397
182
217
256
206
182
219
356
186
227
223
370
196
215
256
244
198
199
208
280
242
205
249
237
197
194
271
222
322
276
251
210
201
370
204
289
210
377
213
294
238
251
312
200
208
200
276
357
212
203
270
375
259
214
208
306
371
202
228
281
214
216
229
374
208
394
282
210
307
229
191
229
288
298
207
218
311
302
212
278
241
366
212
226
375
187
238
246
295
193
218
321
350
191
215
391
368
197
198
364
218
190
227
420
308
215
383
238
185
242
360
301
183
217
244
276
184
436
250
202
187
457
267
185
203
235
233
180
220
271
361
185
323
258
223
278
265
268
180
292
486
195
359
227
325
196
316
225
193
253
211
245
219
193
251
215
189
195
225
427
218
316
185
275
301
193
265
388
231
202
365
397
225
181
422
197
190
221
198
374
188
221
289
203
186
219
376
182
231
244
279
226
203
254
187
213
254
184
229
197
223
362
203
320
197
284
229
264
185
288
296
224
183
200
292
288
226
208
225
185
316
233
386
188
313
262
412
188
249
219
195
324
330
209
229
402
201
185
251
409
206
192
280
220
216
181
384
195
220
196
380
295
208
225
380
247
235
386
238
240
182
423
227
192
367
370
183
323
208
212
191
253
388
226
258
218
366
195
275
280
227
213
195
226
209
365
209
381
189
225
283
245
201
228
292
228
186
203
391
182
286
260
364
192
281
367
241
190
315
367
235
219
309
426
239
224
311
362
230
356
232
203
188
242
403
232
180
258
331
195
376
200
351
188
392
328
237
193
203
370
193
362
222
399
178
290
267
230
210
204
398
210
183
261
237
219
191
211
395
250
188
236
414
300
184
237
388
305
180
252
216
182
202
437
243
226
218
413
397
189
208
397
312
215
291
380
181
231
364
241
227
236
316
367
202
357
356
193
307
238
230
255
206
403
184
238
231
445
183
200
314
428
210
319
278
186
225
229
402
185
201
250
403
196
226
222
367
184
202
358
275
214
236
409
220
201
233
254
183
204
245
223
184
300
371
233
390
190
327
205
314
239
313
200
299
196
218
204
212
369
185
216
225
352
209
321
223
292
225
210
198
208
223
328
313
189
208
212
247
289
228
300
198
187
209
223
363
181
220
324
376
185
237
229
367
180
204
233
298
183
218
379
316
178
242
384
302
219
322
374
187
227
359
191
290
234
383
187
196
321
375
180
320
219
371
182
320
234
202
203
239
394
202
200
197
293
309
231
215
188
286
226
204
183
297
244
404
184
280
200
324
185
365
214
216
191
357
236
210
181
359
365
216
183
286
353
234
357
188
327
184
324
199
200
283
266
374
185
320
240
357
183
321
211
296
294
248
194
184
305
241
278
296
205
183
323
399
226
218
362
330
238
222
216
317
213
370
197
185
195
382
290
326
215
359
226
211
230
327
183
241
400
226
198
194
400
184
245
295
379
184
242
303
219
181
255
371
318
182
223
385
214
207
222
365
220
210
192
324
182
267
398
299
186
247
235
203
238
238
403
199
213
215
369
216
205
288
317
220
189
319
281
206
239
313
301
200
328
192
205
225
363
191
196
246
398
194
201
371
315
195
205
323
189
191
257
361
182
226
331
323
184
244
355
374
184
193
206
258
186
220
358
217
310
191
286
208
223
192
248
184
237
367
200
204
191
361
210
210
201
192
349
209
318
192
309
357
189
213
212
399
184
197
198
364
191
223
209
383
285
204
228
214
193
217
211
184
222
301
225
189
205
357
265
182
280
242
195
199
210
448
193
232
233
293
190
258
237
317
227
304
203
196
220
281
395
198
298
199
422
213
187
214
372
286
183
229
217
324
210
375
209
215
210
351
330
188
247
209
186
223
258
229
190
213
453
223
183
232
420
223
179
256
369
405
180
247
202
286
189
326
214
187
230
534
226
183
262
385
226
189
236
357
185
217
320
256
182
227
325
358
192
256
376
286
194
369
329
184
327
247
280
184
222
434
202
214
289
217
222
203
238
439
194
222
210
444
180
239
372
387
187
228
200
392
182
326
217
358
229
225
221
355
210
212
330
276
187
185
202
413
209
214
400
264
253
182
427
198
267
255
411
200
212
189
453
246
185
287
300
197
186
306
225
240
183
205
238
358
359
183
246
231
422
183
186
211
403
236
188
329
220
312
183
212
354
218
216
294
202
200
289
242
207
199
354
242
187
310
400
195
201
225
212
187
197
214
291
191
239
311
318
191
222
239
404
191
213
218
407
195
214
188
317
228
202
310
186
357
204
386
186
326
226
368
185
284
200
186
356
195
379
197
356
212
393
181
244
218
364
197
318
204
190
350
214
381
200
354
189
371
219
386
212
353
183
311
181
322
300
241
206
196
325
201
324
191
193
192
363
186
299
184
356
385
200
214
297
208
201
361
305
212
230
350
182
216
199
315
283
220
193
327
240
243
361
186
313
201
301
361
469
394
400
283
387
473
328
370
319
443
443
390
309
423
473
358
383
378
360
396
457
362
389
422
415
386
444
413
361
384
236
186
212
356
183
232
187
189
399
318
193
242
197
303
203
310
190
194
448
183
188
190
363
187
217
387
258
374
199
329
192
216
366
372
186
226
360
206
325
208
402
213
183
223
382
431
195
216
424
218
197
393
211
203
314
185
211
216
428
205
437
183
420
210
378
209
232
402
291
187
192
252
178
372
215
431
194
262
328
213
458
181
242
229
183
443
218
184
384
205
360
184
281
375
248
367
188
183
405
208
404
184
365
233
193
428
197
201
399
234
388
264
190
208
181
227
303
183
209
203
220
187
319
258
190
285
201
239
373
182
223
381
199
240
196
207
260
184
208
250
331
197
311
291
259
203
210
434
201
219
372
185
248
302
220
227
414
197
228
369
180
206
227
191
177
182
183
192
212
194
182
219
233
292
222
234
179
207
214
208
181
188
305
260
204
180
205
213
214
182
197
303
265
186
204
405
250
197
185
305
269
184
199
225
185
382
196
237
234
216
276
249
196
225
192
246
196
214
232
188
193
196
217
388
189
221
187
205
194
322
193
186
195
199
302
209
209
224
211
372
185
268
237
312
189
289
352
210
182
321
229
183
210
189
367
193
214
200
235
222
200
298
263
245
234
214
192
213
445
177
198
183
230
240
304
170
172
242
177
175
200
182
181
259
237
174
305
212
185
287
228
179
247
192
297
323
178
218
239
280
221
178
212
328
251
266
175
219
186
302
249
270
205
200
396
186
192
235
402
366
225
213
198
366
316
209
357
207
247
271
369
196
201
206
202
317
185
221
191
508
188
238
181
322
210
192
218
365
327
192
184
423
187
209
431
187
188
213
330
326
213
203
474
213
201
249
180
329
184
329
183
228
222
321
187
329
218
299
213
214
244
370
223
208
404
181
192
220
393
226
199
191
284
205
208
445
306
220
399
294
181
310
228
299
238
214
191
195
211
403
314
184
235
189
722
187
200
218
330
216
284
222
352
212
223
249
387
213
405
192
314
184
314
368
212
201
215
201
194
212
218
214
308
178
177
202
203
222
179
298
218
204
184
205
279
190
241
231
295
211
235
193
184
301
232
205
177
240
226
195
187
197
299
191
223
302
263
387
367
191
186
407
222
192
194
289
331
207
304
361
414
202
366
358
354
180
373
400
364
485
503
406
318
370
320
375
202
327
183
192
474
417
278
321
387
448
249
280
402
361
432
330
220
190
373
368
180
300
215
368
195
178
272
362
398
181
279
287
379
290
180
202
371
272
204
194
329
362
192
183
191
399
237
183
197
374
294
264
202
387
204
184
367
208
268
191
326
331
228
221
321
215
189
197
219
352
207
187
269
251
225
178
192
222
321
200
194
297
223
220
185
178
193
308
226
187
269
186
244
185
194
192
312
187
191
240
206
232
183
177
187
293
227
182
218
236
211
179
176
214
244
180
185
295
309
189
183
252
231
365
192
178
325
314
188
225
315
192
368
188
216
312
358
186
291
275
208
330
199
198
285
188
360
219
237
215
182
193
197
287
183
322
218
251
203
200
213
181
310
214
364
179
237
187
179
262
185
243
205
406
216
233
200
195
311
194
209
261
177
213
188
188
310
218
293
199
189
308
245
328
185
232
187
211
283
186
204
187
307
198
193
283
181
286
239
179
222
190
362
184
225
246
179
281
327
183
197
194
389
217
200
187
206
329
286
180
192
196
364
215
218
183
214
185
267
198
180
216
179
297
201
220
254
186
275
197
191
326
200
188
217
211
263
214
183
172
382
194
250
177
207
219
178
242
210
284
187
353
220
189
181
186
200
210
265
186
191
208
309
194
184
183
326
195
248
291
203
184
298
207
196
273
181
197
322
184
201
245
182
193
329
211
191
304
191
186
201
235
205
205
195
403
207
188
387
234
272
222
379
207
356
189
400
274
197
378
206
361
229
201
193
400
204
434
312
195
203
404
382
209
194
256
190
249
189
565
210
201
308
415
208
196
354
203
205
207
260
275
197
188
196
400
231
500
210
427
190
547
207
197
231
189
323
237
186
194
367
221
196
383
199
219
208
186
180
407
225
204
423
205
210
181
384
218
360
208
197
384
218
391
196
356
213
209
362
428
202
208
193
425
203
378
216
374
211
199
207
371
277
229
326
210
179
284
226
191
186
297
396
191
185
240
467
187
380
211
404
193
305
240
196
191
199
322
414
195
187
235
201
369
190
501
388
234
202
326
204
215
202
324
220
216
297
442
228
193
372
367
222
204
331
219
217
208
212
193
240
184
274
191
221
428
197
204
363
212
205
466
189
198
374
306
211
393
370
211
192
389
195
207
402
216
227
203
193
203
204
329
204
201
203
356
369
244
278
216
198
190
318
426
303
200
193
212
232
194
391
193
294
369
377
457
315
374
198
405
225
314
297
294
520
215
392
192
378
213
357
321
682
407
448
215
361
275
385
357
404
361
197
236
198
380
237
222
281
212
450
188
273
202
364
316
258
420
202
219
222
438
319
188
253
192
181
301
217
246
370
194
204
194
219
305
184
195
185
206
266
241
207
382
260
196
263
290
208
218
219
457
198
197
220
199
287
213
199
250
320
186
203
221
398
234
183
186
192
280
224
181
180
203
367
355
182
181
190
212
364
185
183
228
361
289
187
182
208
318
369
181
194
225
227
264
185
180
233
247
183
213
212
218
201
205
182
192
404
194
218
194
292
276
207
247
211
249
202
181
187
263
266
182
242
203
207
398
207
184
235
250
184
211
200
195
275
188
196
198
256
188
196
219
183
180
183
193
174
193
201
194
406
191
190
244
427
204
205
244
190
277
273
202
365
205
241
193
403
192
184
203
184
197
213
248
185
183
229
264
214
201
262
398
213
187
233
409
310
204
189
229
239
209
221
236
239
228
209
187
191
355
207
270
194
184
436
182
246
233
186
188
191
438
181
200
324
187
187
402
203
203
373
294
212
358
184
279
208
230
186
197
316
202
198
200
393
201
207
309
368
184
320
182
377
307
197
209
205
382
200
184
208
302
377
224
256
193
402
186
291
209
225
194
187
202
183
405
189
192
183
377
231
218
281
211
235
231
195
218
194
325
211
236
314
206
183
370
210
206
182
404
238
204
364
190
203
186
419
180
217
374
183
188
202
427
193
224
363
248
184
219
205
209
263
200
191
292
200
228
219
377
187
254
212
262
379
250
207
198
205
228
184
241
185
246
206
313
184
365
215
183
193
328
201
189
255
216
311
212
190
307
196
211
184
185
373
191
186
370
225
184
294
392
196
261
416
196
314
216
198
201
308
209
233
410
215
212
180
203
271
317
202
208
193
253
199
294
195
233
378
218
390
231
206
255
231
276
240
198
309
206
294
212
312
222
328
216
213
325
217
314
194
225
370
221
374
199
248
209
288
213
198
191
213
187
524
219
219
187
263
211
236
206
207
206
234
210
188
215
200
223
229
328
286
357
209
231
194
190
212
251
206
181
406
201
268
427
189
353
222
231
193
212
211
192
216
248
202
211
255
204
285
235
268
190
277
252
227
201
295
227
221
297
195
211
199
246
204
254
279
182
253
254
182
220
188
191
204
269
181
185
196
234
200
182
195
232
256
186
267
302
263
197
192
181
302
194
185
195
303
192
188
293
226
200
196
244
220
186
258
187
192
195
326
184
214
237
192
189
190
373
212
259
184
193
180
239
272
200
184
304
365
200
283
206
268
232
228
364
259
245
238
188
245
197
395
232
201
187
327
356
185
189
368
185
318
220
289
186
393
192
206
415
257
186
212
253
187
206
302
230
187
254
266
263
225
186
204
256
188
184
203
248
181
215
255
197
182
191
191
220
228
258
186
228
322
187
220
221
221
259
201
198
232
201
192
187
388
203
179
181
383
206
179
264
248
206
298
225
216
188
185
184
195
238
224
181
231
210
231
193
224
281
186
184
210
218
183
275
200
185
349
186
227
216
220
418
195
181
367
184
182
300
245
188
219
317
186
248
199
255
216
222
352
258
255
313
197
393
267
191
211
214
196
220
215
418
185
315
192
397
193
270
195
192
320
243
199
304
218
235
200
189
225
198
188
193
192
357
215
273
219
196
189
198
219
223
198
357
237
190
185
361
246
212
184
287
306
211
191
198
276
252
193
259
191
254
200
311
210
244
223
240
232
196
268
398
187
190
319
285
192
247
214
304
250
220
187
247
287
221
193
296
198
226
245
242
198
236
193
292
194
239
239
210
236
370
189
267
191
249
267
210
296
387
191
205
195
264
256
196
285
367
215
200
194
179
190
182
384
386
192
219
181
304
229
296
190
200
200
221
198
302
219
292
184
188
206
288
181
202
194
200
203
211
185
198
305
209
306
198
376
198
188
189
189
228
379
228
273
215
179
214
204
285
220
305
246
228
218
257
384
235
244
301
221
277
191
184
288
319
201
214
245
300
370
222
205
256
391
228
323
230
380
199
261
229
213
306
184
327
242
251
213
183
259
210
178
217
206
191
181
427
189
182
379
184
200
372
249
197
213
243
200
312
269
223
318
268
184
303
198
230
282
227
247
276
249
181
389
254
237
303
228
188
387
250
228
292
255
231
224
422
196
256
307
181
225
371
193
182
369
226
263
211
199
180
228
201
187
183
212
317
256
394
214
277
250
212
256
195
196
182
207
195
176
425
180
321
191
184
315
193
257
192
215
262
419
214
183
401
176
173
321
316
324
286
176
178
280
273
211
178
184
319
238
195
262
244
177
175
302
203
297
178
186
228
297
250
194
177
211
183
241
175
187
189
303
220
188
204
211
202
300
195
181
178
373
282
174
172
171
367
177
248
198
179
175
374
177
258
272
190
168
194
176
253
323
174
168
290
177
299
269
176
170
214
205
242
195
364
266
235
205
214
193
248
301
205
192
209
188
214
291
209
209
376
191
223
395
192
252
312
224
218
380
184
248
419
191
235
203
369
205
204
188
363
231
185
188
372
189
232
364
220
183
398
188
189
239
210
193
194
221
230
395
189
229
194
185
444
191
186
496
233
196
192
417
204
303
199
192
213
352
185
319
394
187
185
208
383
186
188
257
412
188
205
209
383
249
183
410
223
186
177
254
317
196
310
214
224
407
189
293
193
188
220
312
197
188
197
375
226
179
386
389
181
210
234
394
230
369
191
313
255
219
192
321
241
232
308
218
186
352
260
187
363
301
216
178
219
269
186
318
193
292
368
204
226
390
206
218
382
207
279
295
303
289
247
206
399
190
327
322
300
307
218
216
418
213
329
245
178
202
397
202
212
190
274
383
217
232
220
189
453
188
309
392
193
197
396
310
219
220
373
239
183
201
205
434
203
197
372
218
416
186
237
182
302
374
372
240
289
232
446
180
413
364
326
280
402
324
247
214
363
404
209
396
404
181
209
237
321
439
191
299
400
313
201
270
362
316
187
251
282
203
403
185
209
385
302
376
188
393
388
184
461
231
179
384
187
423
192
397
388
178
397
361
247
241
188
207
257
192
227
405
379
205
433
323
362
234
193
352
214
359
269
191
383
318
217
241
197
423
310
314
248
189
364
314
413
210
185
599
261
212
220
221
457
190
237
223
192
516
237
189
300
241
357
240
257
372
381
246
396
356
228
318
404
199
314
316
387
220
190
211
390
366
184
252
412
361
263
241
194
235
425
371
238
320
391
254
389
313
217
442
423
186
199
396
212
213
398
184
215
400
199
189
255
206
317
392
289
189
199
407
192
392
369
322
202
199
353
312
253
220
217
327
377
181
355
398
179
368
310
197
392
361
185
353
361
379
181
267
411
183
354
403
182
241
274
184
199
421
182
266
237
190
267
276
406
194
295
416
188
224
283
180
190
289
237
205
201
291
181
200
243
365
201
196
215
186
184
249
200
183
392
257
186
379
221
217
364
218
213
194
240
250
187
207
315
179
367
353
189
250
195
357
209
362
242
190
382
246
245
303
250
202
322
320
219
278
244
218
185
232
208
194
330
327
227
366
363
219
214
189
208
366
198
373
195
206
294
197
237
419
231
226
375
221
195
367
367
185
275
194
363
354
204
272
329
216
378
214
270
322
196
387
216
359
197
217
420
209
214
432
223
229
356
317
185
228
310
185
199
368
188
236
232
383
184
197
389
192
185
244
229
210
207
214
218
274
219
194
328
183
183
237
394
193
246
278
194
321
244
185
217
213
211
271
184
242
223
248
220
209
200
188
304
185
276
309
203
264
392
186
266
383
185
214
360
191
282
207
199
188
198
403
217
198
202
389
231
238
199
398
240
199
248
262
187
224
255
186
184
248
208
280
214
224
243
212
196
280
242
190
227
253
185
192
361
236
185
290
276
187
257
221
195
372
237
195
255
240
196
189
204
189
231
219
192
192
209
216
192
476
208
239
266
214
189
319
209
197
184
260
189
225
249
201
212
275
186
299
433
313
191
219
201
218
269
208
185
302
216
191
289
249
230
293
202
229
318
211
257
185
244
204
185
197
247
188
318
247
186
239
290
207
182
194
231
223
448
245
184
390
249
208
246
188
262
276
200
204
238
193
324
206
369
215
273
243
184
319
277
186
213
266
306
228
223
242
233
254
383
246
245
233
190
362
324
201
216
227
305
217
210
397
204
219
210
203
372
217
190
275
244
196
243
286
198
439
200
281
282
201
245
190
213
488
239
189
398
202
303
228
210
252
196
365
224
287
232
187
364
249
214
230
198
203
275
195
186
190
252
188
321
251
198
372
222
239
324
229
216
305
222
235
291
258
194
191
385
222
192
197
192
263
204
387
198
200
441
249
202
310
240
187
379
293
202
380
279
254
294
215
221
410
212
300
284
387
193
270
394
184
211
381
188
211
247
325
196
262
420
190
223
222
269
237
226
368
208
293
215
200
262
207
375
199
207
325
268
191
284
210
277
185
314
214
196
296
244
192
294
267
214
194
283
239
181
282
409
189
292
196
205
256
211
199
373
188
195
257
187
212
188
261
391
193
262
390
189
290
331
201
225
382
210
218
254
218
190
385
197
191
431
250
183
359
365
189
386
276
183
314
279
197
403
218
194
250
281
189
210
318
217
212
310
237
245
203
247
197
193
189
202
202
384
245
184
241
248
185
226
325
183
182
269
222
209
245
292
185
214
267
187
210
210
246
182
200
201
189
191
241
192
275
205
204
209
201
228
201
268
236
206
311
210
209
324
229
192
397
246
188
325
209
227
186
366
271
194
195
229
270
182
251
217
185
189
211
361
202
229
310
224
232
267
192
243
290
187
188
290
225
198
215
191
225
248
187
204
213
192
280
196
229
218
189
326
204
237
204
298
194
192
417
239
193
417
237
187
191
221
233
203
204
377
203
215
208
313
202
281
201
319
237
189
363
192
237
190
289
211
234
203
395
201
242
188
232
231
251
184
244
229
230
191
374
224
271
201
265
223
224
181
376
253
208
188
268
204
231
204
207
357
203
195
197
324
186
189
194
235
199
200
204
373
213
222
241
294
202
187
235
190
238
200
201
212
185
393
188
208
293
203
202
258
191
193
264
208
191
199
428
234
194
411
186
185
373
218
224
223
355
191
242
195
301
195
233
308
216
199
202
193
394
185
189
255
204
226
210
204
198
180
392
201
201
179
191
193
194
326
203
216
191
199
208
195
327
194
192
182
216
201
250
389
190
212
183
412
201
210
189
400
204
209
200
190
200
190
357
203
194
184
399
203
214
189
211
216
197
313
185
195
196
364
209
198
321
193
200
192
400
200
240
266
194
255
210
410
190
196
302
191
193
255
377
188
227
368
186
185
191
404
201
194
193
376
205
189
304
219
191
191
325
243
189
190
359
209
200
184
202
232
209
428
183
197
204
402
186
186
349
255
198
303
190
187
197
204
192
262
186
284
200
198
262
185
365
200
203
190
329
195
221
374
186
286
187
197
247
191
186
309
312
207
199
203
238
199
304
187
183
320
211
328
183
191
195
408
183
271
199
317
181
362
328
194
204
197
317
187
330
301
197
186
396
366
185
203
412
202
208
200
313
202
188
294
380
195
235
412
205
204
276
264
216
247
188
329
191
372
213
198
187
188
374
184
186
202
319
198
181
367
393
202
205
282
197
211
406
482
186
189
323
187
205
411
385
188
187
372
190
212
183
191
297
201
195
309
199
218
328
327
202
201
303
190
211
311
300
202
206
375
195
208
264
318
182
187
427
189
189
242
325
205
195
364
184
205
309
196
361
207
380
182
193
194
287
400
213
268
198
330
187
324
317
192
269
203
388
199
399
287
191
359
217
306
204
188
186
193
318
214
328
214
196
324
206
356
203
192
252
187
318
201
207
248
194
400
233
192
376
197
199
377
326
201
201
643
316
196
208
363
190
203
223
383
198
190
247
371
203
208
264
194
223
193
391
212
354
192
203
194
208
469
195
211
217
392
236
212
279
201
354
185
680
194
199
196
204
387
208
190
304
471
183
195
367
362
193
486
200
231
395
188
248
198
382
189
399
234
185
200
197
404
206
396
209
197
206
565
315
193
197
213
193
202
410
200
184
200
400
188
445
204
193
200
366
411
186
359
204
327
370
203
207
202
199
208
364
201
376
187
188
434
185
297
315
210
400
188
197
264
197
370
234
554
215
216
182
195
395
208
316
193
198
245
189
419
212
608
186
267
250
387
191
238
312
182
424
194
267
237
355
205
210
296
207
392
194
394
283
187
217
186
373
194
195
327
232
199
189
443
191
200
212
267
196
319
223
195
330
232
181
199
387
195
191
195
241
391
207
202
393
194
191
203
313
221
367
187
258
192
294
209
207
329
223
203
197
382
188
196
185
258
190
485
200
193
190
325
211
201
195
370
200
210
191
280
200
438
210
228
187
329
200
192
214
438
199
192
201
361
186
208
370
308
183
202
246
289
224
195
190
206
193
254
190
328
302
193
200
190
370
187
207
204
189
196
258
366
222
186
190
294
197
277
217
196
499
183
196
210
199
233
188
215
184
415
422
206
212
234
427
192
259
228
387
189
210
273
218
194
406
377
184
210
229
421
187
359
317
194
189
394
299
252
223
188
334
291
190
187
458
223
191
206
405
287
231
209
327
320
388
183
327
210
187
199
209
225
187
220
372
180
199
250
269
187
278
243
245
190
197
217
374
215
237
178
279
252
183
193
370
197
218
219
225
192
213
257
233
219
195
195
264
186
308
256
209
392
189
230
265
192
239
280
188
187
209
240
185
216
219
211
193
229
237
207
220
248
258
231
209
213
202
248
282
193
226
369
196
209
266
181
220
297
187
212
327
233
277
212
307
214
301
202
190
214
218
209
183
352
222
183
215
257
215
209
196
189
185
193
183
253
223
201
232
223
190
194
191
459
222
182
296
198
194
226
197
202
228
255
216
195
202
193
208
266
216
223
245
179
209
243
234
182
186
213
199
198
235
226
181
204
226
199
275
180
186
221
201
188
193
199
227
198
180
207
233
193
199
225
246
205
190
258
201
205
281
203
226
187
191
186
191
233
192
307
205
194
234
193
208
215
199
199
207
260
185
235
207
199
192
227
203
221
190
195
196
216
224
188
199
282
188
182
216
209
224
185
206
218
243
181
222
217
187
225
254
239
205
224
191
214
224
277
229
219
293
181
312
194
191
246
231
184
277
274
210
257
232
188
253
236
221
283
246
221
239
262
207
215
202
243
365
226
298
218
188
276
182
196
226
224
229
295
213
286
253
220
209
272
362
239
193
309
212
219
182
252
205
322
196
268
199
213
196
203
212
224
226
188
191
196
209
198
213
274
200
187
242
182
199
269
224
219
238
187
260
182
219
200
199
231
221
251
185
192
241
199
228
257
181
189
245
188
222
266
271
235
186
209
297
181
365
240
179
239
273
180
213
258
208
176
263
184
180
330
184
182
309
180
202
281
232
195
308
214
222
234
186
271
206
224
263
310
218
188
232
318
186
249
271
203
307
243
183
370
256
206
312
189
213
365
212
244
264
218
203
327
231
198
274
249
241
239
225
248
264
233
271
232
192
231
283
192
197
236
181
229
210
239
200
240
225
201
185
319
295
181
371
198
218
206
225
226
221
254
293
194
239
249
294
186
194
306
204
290
209
352
268
252
265
220
210
243
304
200
219
298
215
226
188
225
215
189
237
246
190
200
261
186
263
203
281
184
209
311
226
196
212
306
240
203
192
241
231
217
229
205
181
326
206
226
196
237
209
193
201
250
190
227
207
262
189
277
235
240
221
256
201
234
243
328
181
186
289
184
242
187
299
225
287
203
245
191
298
205
189
288
308
185
215
219
214
190
277
367
233
251
328
189
229
196
272
229
187
206
194
258
236
188
287
225
235
249
261
300
254
186
206
289
213
214
250
215
313
182
212
248
225
181
220
253
188
195
195
246
186
242
224
210
214
195
220
245
207
199
196
249
304
197
267
205
227
185
224
204
189
235
248
220
187
181
235
194
184
310
313
196
182
385
292
216
195
227
208
183
222
212
217
194
195
300
304
186
198
284
180
195
319
248
269
217
189
175
258
212
181
229
208
184
217
184
215
222
182
220
356
198
206
280
209
220
219
