166
361
346
195
177
271
187
222
187
259
183
223
192
363
224
232
180
388
340
185
258
241
347
211
235
182
376
192
178
255
188
338
196
202
184
242
324
180
257
208
322
187
185
197
194
202
179
179
217
295
278
188
181
204
353
197
176
191
253
354
192
194
326
272
252
188
181
368
192
242
184
179
245
377
189
178
182
266
327
238
187
181
252
352
354
183
183
334
248
205
223
179
275
221
183
189
187
180
242
213
231
191
208
183
214
346
201
192
191
195
193
216
337
214
201
213
185
197
270
232
243
195
228
207
196
194
201
198
219
189
190
368
189
188
216
219
190
189
191
201
198
213
230
191
196
216
183
283
346
212
186
181
190
195
182
255
215
186
180
180
206
209
298
192
201
178
191
184
286
188
229
191
186
195
205
289
195
188
232
205
179
234
234
224
184
208
179
181
192
181
284
223
194
207
264
255
344
185
216
207
183
199
190
232
230
199
217
180
177
178
175
265
210
198
181
173
178
176
189
199
285
185
174
175
199
224
269
245
177
174
172
176
203
187
195
264
182
181
198
345
201
213
184
178
216
177
195
182
187
184
184
173
261
206
174
177
174
177
184
188
206
224
210
200
201
224
390
210
226
327
182
187
271
349
217
200
211
182
192
247
272
213
210
200
183
237
209
203
286
208
195
427
197
188
232
340
186
346
244
185
193
401
222
188
188
346
186
184
291
254
289
213
189
284
229
201
227
236
252
338
263
267
223
239
267
203
361
187
218
227
249
210
246
250
269
220
258
223
256
196
210
293
210
264
193
199
271
223
230
207
200
342
187
221
240
190
254
268
253
208
194
184
332
265
193
251
189
255
201
275
224
242
212
223
257
208
252
183
226
187
199
206
194
200
226
185
192
216
230
231
193
206
248
244
204
202
256
283
202
202
241
219
218
207
263
256
196
208
239
228
191
181
226
184
228
268
227
227
270
229
351
221
222
222
228
199
195
234
224
189
189
261
220
185
207
277
195
222
184
268
236
190
212
215
217
268
194
235
188
247
194
210
226
270
235
197
248
192
191
185
202
216
181
186
190
198
208
238
237
199
187
177
226
288
186
180
200
228
223
187
222
184
228
204
271
185
203
210
282
183
191
235
213
199
187
232
227
195
185
235
230
199
218
341
225
224
229
267
279
231
218
349
257
269
346
346
241
262
364
234
217
221
216
226
226
187
233
206
283
212
265
242
227
248
206
238
262
338
230
239
183
220
212
209
286
248
216
207
224
231
183
386
264
186
199
255
329
187
371
384
193
195
377
222
211
220
289
323
289
284
216
224
251
222
194
224
385
189
207
190
195
222
189
329
390
190
208
235
393
226
448
261
344
189
288
265
203
206
197
335
224
187
290
272
186
194
265
240
193
186
226
354
194
199
379
260
195
191
371
240
250
290
321
181
208
227
357
182
237
194
181
257
258
323
203
223
208
199
220
235
278
184
183
272
232
188
262
232
202
219
266
188
226
182
333
197
187
222
371
216
177
293
200
192
275
333
197
256
296
190
207
270
369
191
209
296
229
188
187
239
180
236
183
194
184
213
356
185
219
267
193
256
240
274
193
243
189
199
213
193
192
218
212
263
187
235
212
199
193
192
207
203
359
290
371
272
206
244
356
326
380
323
375
331
373
346
332
360
371
394
342
241
242
290
330
338
269
394
289
295
328
320
425
276
380
236
377
254
323
202
201
352
213
459
344
334
204
358
196
186
389
292
227
211
196
421
376
199
188
404
181
251
182
180
252
271
181
219
197
234
370
239
189
177
397
238
236
189
293
369
183
179
381
196
232
172
216
183
197
203
182
219
294
186
183
290
183
382
195
238
176
277
349
173
203
369
181
233
200
521
273
201
202
360
268
202
361
247
231
227
388
405
218
257
251
239
210
201
218
218
193
221
207
375
195
189
209
251
376
264
218
211
296
397
217
371
441
215
273
211
350
223
251
233
505
407
283
256
442
259
211
401
276
345
383
399
211
210
214
291
215
368
595
374
224
389
397
231
263
373
394
398
286
368
285
222
423
375
372
197
335
356
217
328
373
207
368
202
190
197
424
197
298
395
403
192
261
191
359
411
411
293
346
223
240
499
245
213
289
187
639
284
222
347
332
219
218
191
367
390
372
368
206
414
196
277
216
231
325
186
245
202
294
189
373
191
240
238
273
254
189
282
199
251
217
279
200
228
223
353
190
292
296
192
190
441
191
180
243
238
209
260
348
215
286
209
471
371
189
227
322
196
261
224
351
220
261
262
193
235
208
201
206
251
207
272
198
232
240
188
198
192
320
229
216
227
349
281
189
202
333
217
206
448
228
207
206
256
188
247
191
261
180
173
213
252
188
181
173
179
330
204
286
182
183
198
371
289
180
179
178
247
221
185
178
179
361
187
319
184
195
181
207
207
239
192
191
276
210
187
230
392
186
196
370
239
180
270
336
184
180
218
198
179
267
256
269
182
363
204
204
182
186
193
198
186
206
186
192
185
209
205
204
180
383
194
321
219
334
186
352
199
356
187
326
392
185
189
373
201
186
189
363
245
194
373
353
183
183
214
377
198
193
191
336
398
203
191
390
201
208
356
343
182
219
278
193
215
207
382
229
359
398
180
191
268
197
195
288
204
215
200
374
269
208
210
245
346
218
391
197
352
257
358
183
234
244
208
281
227
198
217
219
249
212
342
225
187
221
249
330
209
208
391
189
217
363
200
211
221
330
348
204
290
214
359
341
189
224
292
179
336
203
325
193
237
240
191
337
200
187
437
220
183
341
203
268
323
268
212
185
278
329
224
195
182
291
326
199
195
181
278
330
211
196
182
296
294
203
187
181
264
260
226
201
184
298
298
199
188
182
276
325
235
182
199
268
329
211
181
199
262
336
190
186
198
291
327
211
181
188
256
297
201
204
183
275
334
186
228
193
266
347
197
367
198
222
262
206
221
346
295
179
230
335
329
194
238
220
344
185
338
275
224
208
238
220
292
209
282
222
354
206
232
194
347
184
266
193
358
193
297
191
361
181
331
191
358
193
273
213
326
195
214
270
327
353
269
228
391
343
209
205
341
364
196
188
348
195
336
207
357
186
197
203
348
191
257
299
368
207
216
384
334
207
269
235
399
276
247
239
188
291
290
348
374
269
368
356
239
410
227
191
386
187
328
217
229
191
212
436
201
207
246
218
293
236
217
433
332
183
369
273
376
222
185
357
259
203
328
322
209
345
278
296
267
271
286
291
183
332
236
288
369
201
186
353
275
235
184
199
188
240
189
339
204
348
199
250
371
181
199
363
389
180
217
365
370
188
252
204
269
329
227
227
359
215
250
220
190
400
223
266
273
359
192
237
220
345
185
224
214
278
347
350
201
331
210
281
201
185
191
389
199
252
294
227
192
262
423
185
205
263
185
183
231
191
199
200
357
185
429
220
209
362
262
232
220
205
184
189
244
198
347
514
262
200
182
341
187
191
182
357
190
284
196
277
383
257
289
280
240
231
183
394
186
239
392
198
190
273
360
197
338
203
364
386
204
280
326
189
178
379
212
186
421
207
198
284
252
192
345
406
197
183
415
209
218
420
326
214
376
196
214
200
228
226
231
186
377
345
253
184
365
293
183
384
284
201
324
391
241
296
224
279
325
375
201
355
342
211
335
188
329
212
345
240
202
215
222
362
218
187
342
345
206
399
200
220
414
199
271
329
342
218
253
183
448
206
221
206
374
242
211
398
250
340
187
328
339
183
398
252
195
186
232
215
347
392
228
191
223
343
184
216
248
357
198
249
357
187
200
210
332
211
209
368
367
184
332
237
358
181
217
260
186
191
189
347
223
201
212
340
198
292
242
191
234
218
261
567
242
208
185
398
186
190
345
352
216
186
204
181
226
227
251
261
201
183
364
203
374
453
402
217
186
296
331
202
215
369
233
267
182
341
359
198
220
372
226
210
275
251
243
251
249
349
285
215
323
335
211
367
234
287
266
206
183
349
219
185
426
234
180
214
375
199
205
347
255
259
255
289
233
349
263
356
214
178
230
330
325
211
345
222
209
357
336
397
264
341
354
193
219
205
402
190
349
214
362
339
184
439
224
269
235
390
235
195
219
210
291
196
267
450
184
333
296
200
333
274
178
342
350
183
333
240
195
348
402
183
345
207
244
214
216
260
362
260
229
181
226
185
399
211
182
294
396
204
192
354
347
205
188
417
289
189
188
409
343
199
280
354
186
218
393
196
201
202
400
226
187
446
192
236
374
364
225
346
195
356
398
213
208
423
185
194
394
320
187
391
298
192
355
372
234
364
182
257
340
333
221
381
367
184
235
345
183
231
399
191
202
392
192
377
359
263
207
347
202
218
369
226
273
414
201
242
361
399
181
224
368
183
330
196
266
284
337
205
245
356
184
352
209
201
202
395
182
388
218
184
344
228
233
188
206
255
325
185
374
261
221
269
254
322
178
203
372
221
295
364
196
349
186
265
181
213
383
182
226
341
205
341
204
195
332
331
337
218
214
483
390
426
421
394
343
360
422
279
283
483
387
327
398
371
419
342
403
398
397
386
379
391
379
713
407
343
340
365
351
342
315
459
291
425
406
431
294
190
287
373
372
505
380
419
407
386
368
264
195
374
193
280
195
365
390
186
214
298
331
363
321
202
217
586
189
336
319
193
191
262
183
184
195
347
371
211
310
207
229
423
182
327
196
295
254
180
369
210
389
186
198
485
324
332
199
232
192
207
197
216
229
371
376
335
188
183
640
185
385
372
297
189
431
197
189
362
364
365
213
294
195
205
324
362
218
200
367
186
406
202
213
285
181
222
250
223
185
368
274
722
381
374
187
363
241
187
192
399
342
232
455
183
361
364
827
180
405
253
199
323
212
417
180
183
354
205
198
192
366
268
208
359
203
298
400
194
425
206
229
217
220
298
187
379
350
181
193
372
243
205
390
190
200
234
186
183
374
328
191
374
227
293
338
276
521
397
197
256
390
181
201
393
186
232
378
183
435
251
198
211
192
325
470
263
193
367
389
181
360
213
220
265
700
186
334
333
345
332
848
203
189
412
234
184
342
355
187
188
345
283
292
265
226
188
262
266
195
182
462
194
376
402
203
231
298
192
184
366
388
185
223
327
496
368
230
1340
333
188
449
228
209
203
372
250
195
409
199
343
347
258
268
185
295
274
181
350
246
262
195
393
234
367
185
179
388
188
183
370
212
279
185
257
195
399
194
264
427
195
224
181
188
286
334
772
225
369
197
188
389
207
179
372
211
272
201
237
219
375
190
208
394
180
206
372
179
231
336
178
187
195
205
249
241
183
197
235
223
182
181
213
343
208
395
1115
217
197
366
214
209
218
214
229
211
202
191
186
188
395
180
191
382
218
218
345
181
189
357
205
185
707
189
190
381
179
198
400
189
226
263
425
222
244
217
346
271
193
183
382
258
188
678
220
182
196
283
255
281
291
370
188
200
239
190
218
343
181
235
213
285
228
189
181
202
371
187
183
188
190
318
192
193
199
258
204
192
184
198
198
186
190
200
200
183
188
215
294
199
200
197
253
226
205
196
182
185
194
179
184
370
194
179
183
338
200
183
196
198
225
182
189
193
195
194
195
216
189
340
190
185
187
406
197
181
196
220
346
196
194
190
362
196
182
200
214
196
179
196
284
199
205
210
186
195
341
196
181
183
236
195
211
187
366
182
180
187
340
192
189
190
212
220
190
195
191
329
183
193
188
188
267
211
180
194
198
241
220
188
197
186
227
186
185
200
357
187
195
184
337
221
196
187
265
215
187
196
220
383
194
192
225
183
216
196
188
192
217
199
188
224
195
207
206
200
183
218
186
197
232
187
207
658
203
200
188
231
192
527
186
228
228
185
334
182
180
196
378
182
183
183
189
361
203
187
197
203
330
189
201
217
225
202
198
236
181
188
194
413
183
202
208
188
178
195
262
196
232
184
206
335
190
229
204
187
182
212
213
193
274
178
193
179
252
189
186
174
179
181
255
235
184
216
181
175
214
240
177
224
270
175
234
183
175
174
238
264
219
214
202
222
366
368
217
190
221
193
435
264
194
178
194
183
364
208
177
194
180
280
180
189
203
187
230
198
183
277
181
199
193
184
180
187
247
185
253
189
190
187
192
220
229
209
189
206
191
368
290
202
195
184
194
198
247
205
196
257
186
385
193
191
186
190
192
184
224
207
217
238
232
256
187
219
280
196
194
207
185
232
189
177
194
178
177
373
199
297
204
207
196
182
213
198
182
267
295
194
192
334
204
217
186
221
218
188
211
287
269
210
262
280
214
285
222
221
330
179
195
291
235
181
189
262
227
193
190
207
344
207
197
182
210
190
221
206
189
214
201
186
285
179
205
204
184
239
205
188
177
195
336
196
187
186
177
211
189
249
185
195
188
178
249
192
191
185
201
219
193
188
203
186
185
241
213
194
175
223
198
362
184
188
180
181
194
289
202
294
184
176
186
234
210
186
213
191
187
181
189
189
188
182
202
197
185
181
199
194
182
216
250
207
180
201
186
183
242
185
199
227
187
221
199
187
183
203
236
193
190
187
194
209
225
192
202
188
185
187
208
188
203
238
251
194
190
209
193
202
182
182
217
217
226
178
191
223
184
246
197
186
231
279
179
188
203
207
185
252
268
186
189
239
348
213
208
326
220
232
196
243
193
187
246
267
346
191
221
209
250
217
188
241
236
216
296
254
192
269
186
220
278
190
241
226
253
214
219
238
186
181
231
199
182
189
286
215
244
210
199
179
225
199
264
182
179
214
353
252
181
176
238
220
197
194
192
193
329
209
284
182
192
337
186
221
183
181
209
193
179
218
181
204
353
195
230
181
192
357
181
292
210
189
197
198
195
210
180
184
266
184
196
234
189
207
195
201
206
182
210
229
202
182
183
193
255
289
198
180
183
271
180
184
215
176
185
200
345
232
188
185
182
183
207
185
180
179
187
185
186
344
189
185
200
204
191
197
193
224
186
188
193
271
205
185
179
201
276
184
186
195
199
351
185
496
207
272
209
291
211
247
216
626
296
213
204
202
283
194
203
234
249
214
214
253
225
220
211
291
190
238
225
190
331
261
224
193
245
217
211
266
206
196
237
271
208
197
447
298
189
233
218
368
190
192
225
250
249
202
294
203
227
200
255
197
290
207
185
206
184
351
184
289
193
179
278
204
194
183
251
223
185
187
187
295
320
187
183
194
216
194
180
196
291
183
177
184
277
184
191
329
258
180
181
341
225
181
182
256
228
182
213
211
333
274
197
193
191
224
219
239
260
203
186
376
219
218
205
221
181
245
197
235
254
191
211
381
277
209
276
190
194
195
183
226
252
184
388
219
198
204
209
249
215
194
244
199
187
201
379
190
294
194
228
221
192
334
181
238
190
199
187
376
189
192
185
192
192
276
195
188
198
191
188
187
177
324
181
197
257
176
174
168
172
167
241
169
180
175
169
175
191
168
171
168
170
193
173
168
174
170
167
169
169
194
176
236
173
166
181
167
168
208
344
205
194
186
211
168
198
187
212
178
168
171
168
185
207
206
219
179
172
173
168
187
187
268
181
189
170
170
287
200
209
201
257
187
206
224
196
245
222
216
215
201
193
231
201
223
258
215
198
234
193
191
199
231
265
206
219
203
215
201
258
209
235
202
201
222
217
225
221
226
203
195
238
187
205
195
203
234
221
209
224
207
216
206
228
221
222
209
212
240
194
199
202
222
203
202
194
185
200
198
196
188
237
230
190
183
184
190
197
181
257
207
186
299
183
185
362
229
230
185
189
260
185
365
182
229
188
356
289
189
183
287
218
205
231
262
203
194
231
248
385
191
221
195
364
185
355
178
264
229
192
212
187
376
186
245
193
212
188
379
199
216
339
212
201
250
214
188
337
285
187
235
188
192
240
224
387
216
207
220
249
185
286
409
196
197
222
217
217
298
205
212
200
380
192
212
181
207
230
251
234
298
205
204
393
186
185
229
274
222
186
195
372
183
179
192
198
184
213
417
226
217
196
331
244
199
199
397
192
207
236
429
197
197
182
335
197
182
203
330
187
195
250
291
224
199
193
213
220
182
414
207
182
212
190
184
207
362
184
228
216
347
234
216
189
378
185
186
212
185
222
295
192
211
217
218
183
187
349
211
197
284
188
203
340
183
193
213
287
182
214
190
184
203
217
330
180
200
212
184
206
355
202
194
206
266
188
201
224
336
186
216
269
182
231
219
204
193
206
195
190
210
197
183
218
225
191
295
212
181
206
218
217
178
298
193
183
189
326
208
181
225
334
224
199
289
185
207
199
362
243
181
226
214
204
209
396
216
183
202
218
185
196
331
215
183
194
337
194
181
208
202
186
291
213
201
200
222
221
182
331
222
206
182
218
246
187
329
239
206
184
219
193
181
252
230
199
186
290
210
214
193
185
209
211
184
179
281
202
186
186
355
234
249
183
238
204
216
181
199
218
210
185
184
283
194
214
183
335
221
213
185
201
247
182
186
204
211
204
190
189
345
195
200
183
271
199
205
186
225
196
224
183
192
204
245
192
179
282
217
213
184
331
183
214
180
237
183
248
184
202
189
211
208
181
340
200
186
185
321
204
216
183
228
180
244
185
193
186
226
204
182
184
198
207
203
296
224
179
212
339
194
209
216
184
207
212
215
181
255
182
237
183
322
185
202
201
200
184
203
193
201
208
185
219
220
208
182
182
201
341
191
179
202
226
227
185
177
216
298
182
178
194
266
193
181
200
228
211
186
180
216
231
211
188
180
222
261
194
206
368
195
204
180
209
223
190
325
183
214
212
212
206
191
182
328
184
194
248
233
195
212
204
179
186
221
184
225
183
338
191
195
180
385
246
200
188
211
223
184
249
256
203
189
216
348
237
266
212
231
219
180
205
263
207
182
200
347
232
181
215
198
209
181
212
179
297
203
221
183
297
183
220
180
181
263
178
182
209
196
224
178
210
223
185
179
358
184
197
196
192
246
181
227
217
179
175
277
194
238
191
177
273
181
207
202
383
193
220
182
231
297
273
204
195
186
286
181
216
183
247
366
188
179
212
219
336
194
184
238
186
330
216
206
195
186
255
237
295
284
181
248
230
241
247
194
186
239
182
268
209
248
191
213
270
190
185
184
232
347
199
185
275
185
285
181
228
344
217
278
295
208
187
188
232
265
234
199
181
239
321
194
203
183
297
340
217
263
183
248
257
187
257
221
199
267
207
215
230
181
334
366
251
293
258
190
192
233
291
185
243
199
209
381
211
194
336
247
206
196
233
391
241
185
378
191
201
266
192
235
273
236
342
190
198
239
191
298
239
236
235
290
190
221
187
194
287
224
181
220
315
228
243
180
198
185
182
240
196
189
232
188
190
206
191
222
193
257
181
191
205
206
198
181
194
182
209
373
181
230
247
188
226
197
218
197
192
198
188
210
185
219
203
208
193
228
221
223
195
255
213
243
190
237
217
247
180
294
209
234
199
184
277
182
333
185
251
192
224
189
207
191
194
196
235
189
213
197
226
198
216
187
230
189
206
189
218
221
271
213
227
180
200
218
215
189
190
199
190
216
210
186
240
185
196
279
189
189
185
181
201
281
189
193
182
176
235
190
188
336
190
184
216
212
196
288
212
193
202
247
189
187
199
220
252
191
222
202
225
223
222
204
331
230
229
391
213
233
191
181
377
265
208
189
210
241
227
425
192
346
214
204
200
224
193
333
253
367
186
212
271
184
195
209
203
376
187
217
215
212
262
183
362
203
364
247
187
204
207
367
201
210
252
236
392
197
187
258
216
326
184
364
207
222
203
236
254
195
184
261
240
338
188
377
230
241
261
183
276
264
256
238
265
371
184
250
268
185
211
233
401
190
244
245
247
201
189
253
218
356
186
367
195
188
236
189
273
231
351
242
197
331
194
215
182
222
235
230
183
220
195
202
252
319
218
205
186
236
198
331
205
187
196
200
191
218
213
192
191
186
210
248
186
184
186
244
182
204
189
186
218
187
291
193
208
228
179
295
185
184
175
182
257
199
186
189
183
240
189
184
200
228
198
185
218
179
202
261
184
206
207
185
191
243
179
209
181
219
250
205
183
204
174
186
188
213
196
194
181
178
178
210
231
190
221
182
194
278
202
205
191
183
179
197
201
208
191
185
188
177
204
228
188
182
218
205
227
194
183
180
213
190
184
193
200
194
203
189
193
181
184
232
196
211
190
190
203
209
201
210
183
211
234
233
230
206
215
209
219
191
205
185
196
190
214
184
225
189
210
182
260
202
183
189
200
219
244
191
182
179
193
249
184
186
189
188
196
203
182
177
196
187
212
198
181
178
216
200
180
194
183
190
185
183
185
178
209
221
195
187
186
187
200
187
194
182
195
187
185
392
181
199
190
188
202
329
194
186
272
191
197
290
197
200
339
209
191
263
183
202
191
196
184
178
214
199
193
295
220
183
353
210
190
298
185
232
424
191
182
362
218
206
275
200
210
326
206
192
239
187
187
258
224
202
213
207
212
200
296
200
292
202
292
197
183
193
357
288
245
182
234
190
197
201
324
325
184
192
244
193
184
357
237
228
190
369
236
183
396
219
196
185
197
237
193
217
206
244
282
244
247
196
386
180
245
189
192
291
183
191
197
206
191
368
184
274
186
199
245
207
213
254
230
188
359
184
246
188
374
207
240
193
220
218
216
231
185
214
185
292
299
187
190
200
217
202
345
224
191
187
345
227
192
191
206
193
207
292
356
187
185
346
249
183
207
227
221
186
350
230
189
183
289
288
198
187
251
223
185
180
399
251
184
187
217
199
200
260
285
186
223
294
209
186
195
213
191
206
349
191
263
296
188
183
203
223
184
192
283
198
275
239
189
205
364
191
196
384
187
184
256
221
188
349
263
198
255
373
188
254
265
214
185
252
190
193
363
214
199
272
277
191
337
229
207
207
230
204
185
257
197
219
377
221
213
283
242
192
198
263
196
204
357
186
187
338
258
187
421
186
222
363
230
257
199
198
224
201
347
223
213
393
213
199
291
227
249
210
192
255
185
382
217
195
296
186
210
262
191
242
244
238
244
336
198
197
328
194
208
244
359
199
334
209
244
275
200
192
290
190
239
205
195
232
320
239
323
345
202
190
215
205
209
245
273
202
229
287
185
201
294
286
186
221
398
183
182
288
276
193
268
196
356
193
294
191
199
218
191
198
197
324
190
261
239
192
246
192
370
212
197
338
186
217
344
192
220
234
188
191
235
281
194
238
368
195
195
355
246
199
338
360
189
215
369
223
199
252
337
194
202
233
377
184
195
288
265
226
354
231
186
214
333
210
236
232
286
186
197
323
222
217
192
265
287
235
187
374
291
191
184
284
215
185
181
274
241
186
184
245
197
196
204
228
192
366
223
270
185
234
241
206
191
335
261
234
186
352
189
243
333
202
207
225
216
327
243
360
194
193
345
190
185
232
220
234
177
238
196
284
186
186
201
286
187
182
185
264
293
230
263
186
205
198
333
244
186
288
189
369
231
197
208
188
342
258
203
213
228
343
271
187
330
197
338
208
193
288
223
238
209
263
294
193
209
190
216
189
251
251
188
292
333
186
282
221
196
236
187
179
231
246
183
526
330
257
270
353
192
190
357
188
206
356
189
271
234
192
236
294
208
199
270
212
194
196
208
190
232
206
211
219
191
291
216
206
347
194
218
293
201
216
193
356
198
188
359
204
190
212
371
186
189
350
231
182
293
362
186
187
379
200
186
234
354
186
205
362
207
209
292
257
198
288
233
191
194
241
184
192
264
341
184
237
384
239
212
230
271
182
204
210
194
331
255
208
197
233
204
234
212
356
188
199
336
194
188
257
287
184
196
327
197
185
237
345
194
329
328
190
242
235
197
182
273
210
188
235
344
184
195
219
241
198
323
229
191
366
194
248
294
190
337
193
254
330
180
336
254
192
188
324
209
214
333
195
214
204
195
230
221
341
184
257
281
245
205
268
259
407
332
268
318
295
389
288
272
342
350
356
245
246
343
352
377
243
281
239
381
225
352
248
332
408
292
285
283
362
345
287
199
367
397
327
324
323
422
272
321
332
419
268
348
251
387
282
266
353
375
226
255
197
274
222
250
267
335
375
263
224
278
421
255
342
335
384
226
225
260
367
259
229
339
438
273
247
342
273
272
279
292
401
260
264
322
417
225
262
224
237
375
219
262
349
356
276
238
346
229
289
262
251
373
280
283
401
284
275
257
339
219
343
324
212
250
359
184
236
370
194
187
199
371
203
220
186
216
370
199
215
188
226
348
223
186
260
291
245
184
251
185
215
184
181
331
200
200
193
253
197
185
202
203
320
217
205
208
324
204
189
243
370
187
190
200
215
248
221
220
207
183
181
247
265
180
212
187
185
210
397
185
330
215
195
185
382
207
197
209
204
266
210
234
228
198
202
196
382
182
215
374
186
195
378
185
206
195
213
202
217
191
232
194
286
203
281
181
234
215
235
196
240
282
199
212
279
253
189
188
221
207
195
220
210
258
192
219
261
251
187
254
240
350
200
210
201
272
181
192
221
343
186
267
253
192
176
268
224
188
230
208
355
276
224
195
259
230
204
181
360
219
190
280
291
184
296
208
329
197
207
227
188
366
296
336
184
250
197
183
182
329
296
181
186
219
271
187
191
228
269
187
203
190
226
216
354
178
215
187
198
238
190
283
232
198
218
185
212
205
226
235
201
291
204
217
208
190
264
256
189
195
291
205
245
295
202
178
240
190
207
256
299
207
182
215
275
191
326
198
183
389
218
199
226
190
238
180
254
255
183
187
199
193
204
191
287
180
216
258
238
185
278
193
185
243
196
243
184
286
195
213
352
203
213
198
285
198
180
199
219
184
189
198
222
201
175
270
205
194
194
363
219
211
280
201
197
180
227
187
182
332
218
182
290
208
279
192
297
205
189
194
180
231
181
283
262
216
347
339
180
371
211
204
282
355
186
385
262
190
231
227
241
212
246
218
206
337
196
352
234
183
240
185
206
275
221
201
341
210
283
327
215
259
342
186
336
180
283
250
215
221
273
195
230
192
195
228
258
223
293
234
268
185
219
284
266
353
232
199
348
207
226
358
234
215
181
297
225
182
185
194
185
369
184
185
376
285
184
365
194
186
210
237
231
231
330
223
186
245
214
202
291
297
359
211
228
257
244
290
226
347
273
296
203
357
194
348
186
229
220
275
256
332
335
363
385
194
232
378
254
200
321
279
212
274
207
214
198
242
251
183
195
265
401
202
338
262
363
184
228
214
407
259
211
214
370
199
188
212
254
232
356
211
243
200
198
298
245
275
319
244
337
272
194
190
265
408
184
191
338
220
225
218
335
201
277
294
184
217
241
217
210
227
325
213
209
377
182
203
234
268
205
262
185
182
220
218
188
207
216
211
221
209
292
185
217
360
218
184
294
337
213
201
273
185
223
325
200
417
323
201
201
227
383
188
252
284
219
265
182
183
196
230
285
178
219
181
190
203
201
180
215
179
186
195
192
178
186
238
186
191
191
262
193
177
223
240
195
188
209
272
222
206
179
201
223
206
272
184
183
180
216
225
185
178
191
243
273
298
181
207
235
217
231
224
177
235
209
213
186
227
193
188
211
187
219
211
299
196
181
277
186
206
185
226
177
181
201
206
358
180
176
283
359
209
189
239
245
227
180
183
264
190
264
187
269
186
237
194
399
198
194
179
220
375
187
238
336
195
245
397
347
223
230
214
260
356
186
208
252
198
205
378
250
192
238
203
261
363
194
186
198
252
183
424
204
202
221
376
236
207
388
184
230
408
181
285
184
389
197
189
369
196
269
269
180
286
200
270
204
195
360
206
225
273
295
184
262
194
217
199
331
280
208
233
203
374
197
249
186
373
247
199
276
195
240
180
346
224
197
192
284
228
249
186
243
293
185
382
240
190
228
181
207
203
361
188
182
206
233
182
220
198
359
183
274
217
186
220
215
197
333
185
216
265
179
218
344
192
229
213
349
215
181
211
231
185
277
222
268
200
236
213
222
193
259
187
188
207
181
191
207
262
185
230
189
185
217
239
243
186
199
271
183
185
223
196
181
229
180
267
182
187
195
223
266
214
271
186
223
202
243
191
199
202
207
217
187
195
245
187
243
185
227
271
185
260
186
251
187
189
287
188
181
331
186
250
217
186
235
194
183
197
199
217
214
190
264
214
183
188
211
230
209
292
178
220
252
192
229
224
197
182
184
345
214
240
278
187
220
186
207
289
184
191
231
185
234
189
212
188
188
363
185
266
190
239
325
180
380
182
226
206
189
326
186
276
249
196
298
199
186
235
192
296
207
194
215
200
213
189
245
186
205
215
185
333
186
341
195
185
249
187
178
232
187
231
209
188
188
380
187
182
218
220
230
195
208
209
188
220
212
192
284
185
197
274
252
183
208
230
215
187
360
189
183
189
257
203
215
219
200
201
239
185
197
232
189
198
224
257
192
204
280
186
188
254
268
187
201
190
178
192
189
217
183
329
185
182
239
226
196
188
211
206
191
182
221
221
217
186
214
193
188
214
186
221
214
216
186
195
187
217
183
223
200
187
217
186
184
233
237
217
252
190
199
208
194
185
208
213
189
188
234
190
190
182
225
242
187
253
225
213
187
186
196
225
185
267
197
206
229
194
204
200
220
187
210
185
187
228
184
199
194
215
238
220
190
185
242
221
201
182
218
182
212
225
182
185
205
250
185
186
216
209
186
181
195
244
187
183
196
289
192
185
247
224
184
180
217
200
193
183
254
214
181
184
258
183
183
204
250
185
186
223
201
188
202
222
228
179
188
250
232
182
223
275
198
183
187
220
214
182
181
239
211
182
226
243
222
181
215
205
204
181
185
238
199
186
183
220
223
234
186
192
215
193
187
243
186
179
189
256
266
183
210
220
219
189
218
202
231
187
200
197
207
209
193
213
187
243
205
217
185
262
197
198
187
222
208
201
189
257
208
188
183
274
214
187
188
205
207
186
210
199
191
184
211
225
188
183
216
289
189
187
192
284
195
191
183
271
186
188
222
269
188
183
274
226
193
207
216
233
206
223
192
185
286
191
231
263
253
204
193
187
225
189
224
221
263
280
225
204
271
185
190
250
188
240
203
203
209
190
249
208
217
224
187
178
340
186
181
261
253
182
218
215
228
186
231
242
187
327
243
203
237
219
231
236
191
212
237
188
279
186
204
228
184
239
236
188
257
185
247
211
256
226
209
222
246
186
216
203
187
184
250
273
209
225
185
187
184
233
221
188
196
276
187
216
181
325
187
193
225
235
231
193
202
343
232
247
214
278
184
204
194
184
198
183
212
197
219
186
241
209
179
185
251
193
187
213
207
186
283
209
225
247
197
186
208
254
188
182
232
249
184
188
286
205
184
188
264
202
204
192
325
220
186
180
200
204
222
191
241
189
334
200
232
244
185
273
185
211
229
230
189
205
202
204
196
209
264
207
184
216
214
262
224
184
203
236
217
195
193
259
185
252
236
206
281
187
233
203
188
187
243
186
230
184
218
211
195
187
228
241
207
200
210
229
195
220
249
218
217
184
215
242
240
202
196
192
236
213
221
226
230
214
342
186
215
194
192
233
243
199
209
187
233
189
203
272
185
223
218
257
189
187
244
202
185
226
296
183
267
211
181
201
225
186
200
228
260
222
185
255
220
221
207
193
221
197
222
227
201
198
232
190
199
247
221
222
204
204
221
201
196
207
185
206
267
190
189
241
198
193
223
216
244
183
236
195
183
280
242
219
186
197
207
201
246
187
189
229
185
281
268
185
199
210
187
208
206
202
212
194
239
216
216
236
200
261
201
195
273
186
202
270
183
248
211
228
227
185
236
190
206
232
191
206
216
192
240
248
200
215
242
196
229
182
253
208
185
283
234
202
197
201
226
215
215
212
255
183
211
194
201
207
245
240
183
224
186
199
185
211
186
225
209
188
189
186
185
214
193
219
200
186
249
185
217
222
213
191
205
214
275
225
199
188
214
237
203
203
211
240
225
192
202
192
234
208
192
200
191
185
238
194
210
219
201
202
231
334
185
206
205
193
195
191
198
206
233
201
187
208
194
226
195
188
225
210
251
213
175
239
178
224
183
189
184
198
188
195
213
182
233
188
202
190
196
199
218
185
188
187
183
234
184
232
188
188
176
178
208
242
197
186
178
188
178
240
209
197
188
188
229
265
189
214
208
325
189
263
184
205
231
249
239
219
238
182
203
218
195
182
342
186
184
196
203
267
188
183
251
254
188
203
235
208
193
209
229
187
181
218
295
186
216
198
258
190
220
236
234
224
221
190
192
194
183
211
246
244
184
192
267
214
209
263
190
192
216
245
182
290
189
282
222
217
232
220
194
214
259
217
215
210
211
188
227
290
250
185
238
244
249
184
269
231
196
183
237
245
185
205
193
278
176
211
182
282
199
217
191
213
265
200
221
189
223
196
264
223
216
221
181
207
293
182
249
223
173
241
264
187
244
193
193
324
211
208
239
248
213
242
192
225
201
186
185
216
294
218
258
200
219
216
204
191
251
184
220
200
256
202
198
242
218
199
221
363
185
198
354
195
195
332
190
210
259
184
205
259
189
206
205
254
235
212
267
193
224
226
194
197
208
191
284
206
188
258
193
217
188
191
200
228
195
213
204
187
219
234
200
194
193
209
210
255
233
216
255
240
188
239
227
204
193
204
224
286
194
188
217
187
230
265
192
200
235
187
231
330
206
211
245
189
187
254
288
181
225
217
195
211
215
193
186
294
191
192
195
266
242
196
206
224
217
227
233
188
196
214
237
186
212
197
199
218
203
226
336
236
221
266
193
203
281
188
194
247
210
181
290
267
185
269
186
249
239
208
269
223
187
210
205
249
231
239
199
196
196
194
193
242
204
565
194
188
686
195
242
195
193
224
191
240
212
673
183
189
253
193
193
279
258
342
228
223
227
259
230
349
247
184
260
189
200
191
259
234
196
213
256
184
196
244
212
216
212
208
239
187
261
194
189
260
206
181
270
207
244
199
192
235
215
212
274
190
204
204
192
210
293
194
221
231
213
192
233
193
191
186
243
193
214
273
190
188
213
211
198
400
222
223
249
291
189
207
194
191
192
199
204
195
210
223
197
206
206
290
197
202
218
799
210
227
240
228
202
201
206
189
911
187
206
211
198
188
221
195
198
212
197
222
203
192
247
192
237
190
197
193
198
191
202
188
239
279
191
269
949
182
239
210
201
227
217
234
200
226
241
249
202
202
211
214
192
221
193
209
205
189
211
196
195
482
207
199
203
192
194
212
190
191
199
202
209
221
192
191
202
202
197
224
193
184
190
202
204
195
197
194
190
197
506
228
190
198
255
192
337
409
190
208
205
192
214
211
205
205
229
203
192
240
211
193
209
190
196
276
195
195
206
232
192
266
200
209
236
192
286
214
214
447
210
194
195
236
196
199
256
196
410
237
208
201
213
211
203
213
209
214
211
190
199
493
197
236
208
206
192
251
202
199
193
218
415
232
242
242
203
191
198
203
219
197
220
213
192
255
199
196
206
185
205
205
211
205
215
203
198
336
220
198
235
196
200
227
206
190
244
210
211
205
204
195
203
193
247
370
188
189
214
190
209
214
194
202
205
235
211
203
344
209
188
190
195
209
193
206
204
193
192
200
205
200
231
186
230
199
199
197
196
201
188
227
204
201
190
233
198
194
197
321
194
191
342
203
192
202
218
194
197
200
247
194
195
189
207
197
191
200
196
186
191
219
198
204
188
255
204
207
193
239
188
200
203
199
202
189
207
206
198
187
237
194
191
192
277
200
182
490
221
188
195
203
368
205
201
235
194
197
207
233
189
193
227
197
207
191
474
204
191
191
712
194
191
280
194
195
243
211
209
196
197
195
202
430
202
227
202
193
208
193
196
198
252
192
272
194
194
220
191
190
214
201
203
287
217
193
197
238
193
202
198
259
213
202
194
210
208
201
215
206
212
203
207
194
197
187
194
186
187
244
196
191
195
215
193
203
195
205
191
199
201
199
207
205
210
212
211
190
298
195
195
207
228
194
453
219
199
437
186
230
199
190
193
240
202
188
201
212
185
194
193
195
204
194
227
192
204
220
226
203
203
184
292
210
281
259
217
193
202
414
208
246
315
183
259
269
213
194
245
378
225
193
226
198
200
196
197
596
238
195
194
193
483
248
193
191
374
248
192
193
232
193
209
192
229
195
223
240
353
192
205
193
233
182
194
187
192
274
353
196
206
253
199
203
196
237
209
195
196
245
214
192
217
287
193
191
200
208
213
197
193
189
212
206
447
283
220
195
394
199
217
192
205
195
204
221
195
191
272
209
188
200
224
937
194
201
241
209
222
206
239
203
196
206
239
201
695
209
219
203
249
322
220
201
201
246
190
206
282
194
204
218
202
193
192
260
208
225
538
190
213
455
255
407
404
197
243
194
192
604
209
191
211
715
203
213
283
248
204
234
195
401
205
191
334
214
740
198
211
249
197
417
190
191
196
186
195
210
457
260
993
194
234
197
202
183
378
229
191
386
184
185
355
196
195
188
210
211
233
228
185
194
343
183
209
210
181
226
216
194
200
253
237
202
218
219
227
188
240
224
206
331
185
201
231
249
181
330
189
226
244
195
219
195
222
253
230
202
225
254
267
204
243
267
210
282
191
256
208
248
239
228
203
227
226
193
237
258
231
190
214
265
217
186
195
192
197
594
200
249
207
222
205
198
237
190
297
349
202
214
195
192
203
277
209
183
203
199
248
202
261
234
188
185
280
284
186
211
251
194
187
185
293
211
188
185
338
208
180
185
354
198
183
194
241
195
186
200
260
202
205
188
335
238
192
199
210
197
186
214
210
189
195
189
245
219
200
202
234
188
230
214
216
185
198
212
212
192
231
196
293
190
280
264
193
257
268
221
193
189
366
199
346
239
205
327
192
215
187
377
204
194
349
194
233
201
202
201
190
358
210
215
189
187
396
201
220
378
188
204
368
359
202
205
375
267
377
207
240
372
193
396
199
186
245
194
353
185
230
362
409
228
336
188
221
280
198
359
231
362
200
207
203
384
197
190
184
276
181
193
241
216
192
344
183
227
232
249
188
202
245
216
222
203
210
374
189
213
270
197
209
453
193
211
250
196
207
355
251
368
195
203
397
186
217
337
261
181
194
394
256
197
201
189
199
336
196
182
393
191
182
197
213
193
180
198
198
202
216
193
209
349
184
194
588
289
184
339
203
209
218
377
203
200
241
225
202
198
205
230
211
241
190
208
371
251
189
207
187
381
498
221
259
209
267
213
195
210
190
207
282
359
216
177
196
186
367
186
205
203
343
204
297
193
361
201
188
198
234
202
181
198
219
374
174
205
190
196
194
224
183
191
284
200
187
187
183
219
388
190
194
406
205
188
181
199
389
196
198
279
195
204
364
191
207
340
207
206
220
368
188
208
354
196
187
188
375
189
194
206
204
221
179
269
200
369
179
213
198
197
358
193
191
190
669
184
189
209
365
213
185
557
327
192
188
401
198
210
186
231
190
186
203
199
210
193
445
196
208
188
226
193
211
195
221
297
202
185
210
216
396
194
200
235
223
193
191
215
222
182
191
238
224
209
188
208
177
271
183
357
241
185
351
216
183
183
215
375
196
187
205
212
377
189
204
270
189
220
276
195
213
204
192
189
217
203
190
201
231
188
196
190
494
186
185
192
192
362
186
248
238
374
186
202
217
189
355
205
191
200
207
204
192
406
193
209
183
402
200
193
182
378
223
195
189
199
260
216
185
362
209
183
183
397
280
195
210
357
188
238
374
185
182
201
250
189
184
393
196
185
249
182
367
218
184
216
361
225
188
212
191
236
219
388
182
193
210
283
185
348
186
190
193
222
364
185
262
187
294
355
186
185
222
190
180
293
220
215
185
342
288
185
230
188
280
282
184
217
197
184
371
190
196
220
235
248
348
198
357
185
204
227
187
336
191
249
186
203
184
355
230
245
204
244
362
203
284
184
183
237
203
206
209
379
193
230
230
184
362
335
188
192
182
223
263
214
216
200
236
191
228
186
363
234
187
281
182
209
345
187
221
187
185
347
194
204
210
198
387
221
209
185
190
183
206
244
215
181
192
200
188
341
188
207
189
211
184
216
255
192
226
187
223
351
276
221
186
183
185
201
336
245
194
181
191
186
205
347
194
187
196
182
200
187
374
197
190
198
223
209
212
202
222
193
189
205
252
193
213
228
208
373
279
204
206
370
267
346
227
193
906
197
204
198
340
288
202
349
352
188
213
391
201
187
374
193
221
343
188
209
614
194
224
192
272
277
235
203
216
364
193
217
252
217
210
350
223
230
415
189
276
358
200
326
185
455
243
186
352
190
289
385
212
454
245
199
405
193
347
274
238
284
221
208
377
263
212
265
217
347
202
255
366
221
357
221
193
390
270
226
387
188
333
349
198
201
351
283
187
336
206
404
189
268
230
211
327
256
295
228
278
222
390
262
218
268
220
244
336
188
320
333
206
220
195
259
336
231
258
380
229
350
225
237
345
184
190
355
230
217
275
223
245
228
218
329
216
248
194
203
354
263
383
193
249
337
193
258
369
243
246
205
216
365
267
269
333
230
475
190
186
184
222
218
367
205
386
207
387
252
187
362
211
222
267
347
215
361
185
229
453
188
208
296
192
368
206
212
287
202
281
239
186
284
344
250
218
218
328
210
207
329
222
289
203
190
239
186
192
221
352
209
254
332
194
344
193
194
258
245
220
324
345
201
324
355
275
195
265
190
387
216
209
338
244
189
225
346
243
199
289
412
191
219
296
338
363
194
276
257
198
332
260
210
343
234
240
339
249
234
192
351
266
185
363
186
363
193
189
276
248
192
206
235
478
205
203
274
375
259
382
210
344
254
383
229
432
215
363
205
382
216
213
265
191
188
240
196
284
218
235
363
235
185
351
191
244
321
195
246
338
193
224
391
199
184
212
194
184
181
261
186
366
182
390
222
187
422
400
438
399
328
279
353
424
472
373
339
329
278
202
433
251
373
273
182
371
270
242
210
203
384
224
204
374
224
209
347
260
417
182
208
226
400
183
228
401
187
396
191
352
182
381
192
355
210
389
186
199
337
186
185
405
185
224
196
408
406
394
395
447
396
355
356
386
218
353
388
348
348
369
342
413
468
326
351
412
194
335
214
342
335
322
398
293
387
342
356
373
191
343
407
369
396
328
415
258
371
329
257
339
422
421
342
232
248
399
236
342
215
293
218
345
218
358
356
237
238
364
215
380
206
226
358
347
198
215
236
212
217
385
223
393
238
395
187
272
299
216
343
358
402
339
255
384
280
377
193
326
401
184
343
204
207
288
235
220
213
189
198
283
184
349
220
251
241
185
277
258
199
354
216
246
342
205
182
226
195
355
238
184
224
194
384
329
184
354
190
203
221
188
294
189
392
233
215
343
236
328
207
213
222
228
378
348
188
368
370
214
343
215
243
185
238
218
182
217
355
183
281
208
233
359
219
333
220
287
237
201
233
367
413
223
192
183
234
193
275
323
185
200
360
254
228
197
377
236
264
194
372
198
361
201
251
210
222
192
188
348
192
231
256
204
368
347
197
392
185
291
194
245
186
219
214
356
201
201
200
274
401
332
282
186
185
368
187
364
194
198
448
185
233
357
258
397
180
216
338
226
384
208
217
259
191
222
389
195
202
384
210
194
209
353
193
240
350
374
332
345
194
201
266
292
187
216
183
220
267
181
349
217
327
262
196
375
197
344
224
236
362
184
287
286
182
342
248
338
346
215
463
218
252
361
238
228
189
242
357
210
196
334
239
192
359
224
195
264
286
210
197
278
220
181
342
245
208
185
294
236
201
271
293
184
245
349
202
199
272
203
188
226
248
193
222
368
210
194
384
223
205
222
349
221
192
351
213
211
358
249
197
413
251
205
196
211
339
194
253
197
296
231
330
195
280
332
199
231
355
215
294
268
205
349
277
231
328
232
196
242
256
327
248
209
345
239
225
349
252
193
225
196
239
232
269
226
235
216
238
345
223
245
205
358
186
213
271
266
201
290
221
211
243
358
214
357
222
205
195
325
213
206
334
229
213
298
230
212
203
272
210
200
279
219
200
214
326
222
199
292
212
274
215
280
237
225
249
211
230
200
299
222
223
292
226
205
249
217
204
211
277
214
221
195
244
201
223
340
209
192
242
324
208
200
295
192
202
246
202
195
204
278
203
235
222
208
219
228
266
198
217
216
350
260
190
338
224
227
222
205
241
221
315
223
192
223
285
227
184
277
283
214
228
242
214
210
324
218
193
224
260
291
217
207
193
334
214
263
208
247
208
294
239
201
275
266
228
230
277
222
202
276
267
224
215
327
220
224
235
207
219
219
298
226
206
207
199
232
236
299
223
276
206
199
255
196
328
290
204
285
205
198
216
297
209
228
215
213
214
211
287
198
208
340
197
221
210
344
237
201
206
196
219
295
228
215
202
361
407
371
449
368
319
230
201
274
211
347
195
191
196
195
242
336
196
243
228
208
285
219
283
445
195
216
203
199
186
294
204
209
183
184
330
187
185
264
193
182
225
183
198
211
200
181
202
213
