5
6467
2508
112
117
128
2442
143
165
81
434
165
785
137
209
140
107
96
89
100
2429
2428
1423
9015
5070
1085
99
91
104
113
93
79
103
97
183
117
85
222
104
120
174
448
96
171
86
126
274
6436
2495
4411
449
129
130
86
797
92
96
81
110
95
652
74
1015
125
121
78
93
82
87
113
96
122
152
109
133
108
84
119
100
100
488
107
98
81
102
99
115
94
80
93
1440
72
126
107
82
89
143
93
97
131
94
770
74
1413
82
136
85
96
81
94
129
84
91
114
1413
97
194
112
93
104
93
100
107
123
148
135
94
91
81
119
80
94
87
100
91
91
127
137
76
133
82
129
75
136
97
82
97
114
235
111
89
103
88
94
98
104
103
111
84
408
78
84
92
110
76
83
117
113
85
95
88
147
408
110
102
86
87
140
74
106
74
96
109
98
85
89
77
120
88
133
109
201
98
82
99
81
595
98
786
305
413
94
82
1000
122
102
93
90
89
95
118
546
94
91
1430
750
105
103
115
82
108
88
90
99
105
80
2489
152
146
140
96
81
109
96
1060
76
107
76
87
91
138
111
96
97
76
123
130
91
95
91
94
1265
74
124
93
141
107
90
90
2180
82
84
86
114
124
95
74
104
79
104
114
83
80
142
78
102
79
124
930
84
89
86
133
108
198
84
114
106
106
96
141
99
131
80
77
361
80
108
98
94
143
100
99
202
113
87
2418
113
89
86
95
90
97
111
91
105
126
98
84
160
146
89
122
91
85
140
103
97
119
139
95
107
97
87
86
108
910
75
106
133
100
80
206
79
106
104
87
118
107
78
85
658
96
79
95
102
81
146
92
125
141
118
134
93
113
125
94
193
95
112
539
80
82
95
111
126
87
308
129
81
97
120
87
133
161
75
444
232
103
95
115
118
98
147
108
503
78
90
92
96
128
94
109
119
83
286
79
93
120
2610
137
88
90
79
96
99
84
100
87
113
82
95
93
113
112
142
104
106
332
80
94
115
95
79
92
100
90
1398
85
108
85
90
143
95
106
188
100
109
116
97
204
84
77
153
111
124
84
138
275
77
142
74
120
324
109
83
433
75
110
111
104
134
78
115
100
81
140
90
98
110
81
113
123
86
105
125
201
85
110
170
103
112
88
98
134
132
83
113
112
177
93
123
105
139
80
84
91
84
134
428
105
85
101
109
133
96
116
78
84
82
71
77
104
103
329
141
440
88
81
1322
162
76
83
91
127
87
91
86
119
121
142
88
86
104
98
97
91
96
105
93
96
154
97
91
111
2443
78
109
125
84
89
141
100
93
96
91
97
2446
104
113
87
132
128
96
84
129
173
85
80
109
111
115
145
75
113
698
115
81
121
99
134
97
94
108
92
77
1415
104
138
139
77
128
161
94
143
92
162
87
77
98
85
86
121
1423
107
155
87
77
79
94
114
1420
113
119
76
142
95
92
143
83
119
79
95
1326
102
82
108
96
108
99
572
117
1418
97
133
81
101
93
2424
84
114
78
117
78
79
75
113
110
1239
120
121
91
104
78
124
95
436
79
93
90
84
111
86
114
87
113
1437
84
89
90
80
140
91
132
91
491
127
124
2438
93
82
105
126
91
114
76
118
130
83
146
125
85
1425
79
118
98
82
440
105
77
123
81
82
119
87
78
140
97
79
139
100
130
88
95
98
77
82
104
83
101
111
76
78
141
89
154
85
104
77
100
99
91
103
1252
100
79
88
82
351
103
93
97
88
78
358
78
115
106
408
126
143
87
90
80
86
2645
77
127
111
85
1431
78
94
106
91
143
119
134
113
143
95
75
87
119
124
97
91
100
93
128
81
76
93
93
1558
90
90
114
99
92
127
114
76
119
92
121
97
158
965
74
163
101
1020
89
78
126
92
229
82
505
118
144
86
122
110
134
112
2413
86
85
86
135
140
89
118
78
90
114
135
82
114
72
121
81
122
90
78
130
79
111
84
102
124
134
108
87
129
74
2416
93
96
102
105
121
90
101
131
84
116
112
116
80
93
104
93
94
97
76
82
119
115
113
86
87
143
92
87
109
123
88
103
122
104
94
87
81
121
87
302
84
124
104
100
94
105
85
112
106
115
130
99
94
1471
88
133
105
85
150
88
80
430
104
93
83
213
83
104
111
85
85
104
77
107
82
86
452
95
95
95
128
79
91
159
93
86
105
90
107
129
81
116
95
481
86
84
78
90
82
110
113
92
134
94
162
105
152
81
147
152
80
114
92
92
119
340
84
84
101
88
89
121
78
109
298
115
136
97
88
130
95
96
90
95
101
76
127
86
80
89
81
138
96
107
91
136
90
94
98
167
95
99
86
107
121
96
84
89
147
98
98
95
132
92
273
127
95
80
123
116
95
93
105
79
127
200
80
84
88
83
142
83
103
2483
78
107
116
85
116
86
93
121
107
105
178
98
88
146
80
88
360
100
123
77
90
3457
71
95
100
77
99
104
101
189
92
95
119
90
88
75
94
95
78
126
88
105
82
100
1425
75
103
85
78
70
98
92
73
98
129
98
103
150
825
78
111
2444
80
77
91
94
109
89
85
165
1437
87
97
105
89
100
83
109
85
106
76
113
97
85
80
114
208
423
396
90
114
102
83
104
91
1464
97
95
87
1465
104
122
3422
88
117
108
77
106
96
91
81
78
92
109
84
151
132
129
85
112
129
118
1565
80
138
1492
73
94
111
142
96
80
80
87
179
81
100
84
117
160
76
93
93
81
80
126
84
124
95
87
97
103
105
97
692
1427
107
123
136
134
100
101
123
100
95
96
93
102
156
82
99
1436
79
94
79
113
155
116
89
1443
76
95
92
92
109
110
111
116
115
1453
135
85
495
98
131
104
151
88
88
128
90
101
110
86
87
1931
106
85
82
93
93
90
80
1409
2411
85
77
74
83
2403
1460
288
136
141
93
2561
83
112
103
109
125
111
106
144
85
138
108
90
98
98
123
74
126
78
93
131
75
84
119
131
96
125
89
427
95
1421
149
119
86
81
129
423
77
79
108
109
82
514
89
98
2412
77
137
91
85
128
86
73
97
77
86
88
79
117
104
126
74
81
94
272
1453
109
109
121
74
78
106
79
104
94
78
93
1453
94
77
92
83
92
104
76
95
98
89
1397
96
86
82
85
79
90
99
96
95
122
86
79
1410
101
104
82
112
83
110
117
108
142
95
88
120
82
136
92
84
1426
167
79
83
124
2426
77
94
76
100
82
87
116
101
99
116
80
138
85
78
108
109
204
82
100
94
1418
115
82
145
101
128
93
122
83
100
117
138
119
2441
106
101
92
111
2420
120
116
79
135
113
142
92
100
91
86
112
95
99
87
87
124
1431
100
79
155
87
80
120
84
91
119
79
138
102
1447
1239
77
108
114
98
1416
96
100
87
90
92
95
86
98
97
1415
85
90
78
128
102
96
82
111
114
102
104
97
107
84
96
115
80
159
95
77
101
93
87
102
137
100
149
78
81
111
119
78
91
102
106
91
87
187
81
126
82
86
91
104
74
86
120
280
87
96
123
87
112
102
112
127
82
120
82
125
103
95
115
80
116
917
88
121
113
99
134
426
112
2407
72
160
1406
98
97
76
99
105
75
169
94
91
1406
138
91
89
91
115
83
183
99
89
133
82
99
85
93
3442
74
111
95
82
124
77
95
110
88
85
97
95
88
125
80
79
92
118
116
84
84
3449
85
80
133
99
83
95
95
90
81
100
92
106
136
99
103
93
83
136
86
96
2419
1417
106
407
108
84
84
171
120
77
152
104
88
132
127
86
125
124
87
113
92
83
82
1435
95
153
100
88
96
169
100
108
157
4414
450
171
81
146
97
82
97
96
83
147
82
78
119
83
126
121
109
108
80
118
101
127
87
85
104
98
102
86
102
154
108
1428
107
99
118
86
102
188
126
183
2412
87
79
109
102
77
279
93
115
81
162
103
86
101
118
162
78
172
92
134
176
75
124
89
97
86
318
112
1751
83
118
83
87
87
192
119
73
81
113
2447
85
110
87
102
82
86
79
98
102
106
102
89
93
103
92
74
83
86
152
119
75
116
145
89
69
93
91
151
101
84
99
147
108
116
92
230
110
86
157
106
105
73
86
427
87
112
143
1392
94
93
81
104
79
127
78
110
127
83
90
279
102
99
167
83
98
119
128
80
96
73
70
122
109
74
88
104
75
73
100
88
94
77
128
91
77
70
86
74
102
130
72
81
107
79
154
79
83
86
83
74
105
92
80
84
99
76
82
78
143
84
79
85
105
72
74
67
92
71
73
81
79
71
68
159
84
77
86
96
77
81
72
93
88
72
75
90
83
88
70
69
88
74
70
90
75
95
75
70
70
73
69
81
85
75
66
67
69
81
88
85
69
68
68
76
82
78
70
69
68
83
73
91
75
69
69
79
210
2733
87
76
79
96
79
84
160
69
90
1399
79
72
84
70
69
74
74
88
78
75
73
73
290
111
74
73
76
77
79
88
74
76
85
71
73
81
76
84
92
115
74
77
78
75
96
94
77
89
107
76
78
109
81
87
109
86
92
74
96
115
88
77
77
75
97
89
88
77
79
77
121
97
86
103
90
81
114
97
96
75
79
1763
130
114
125
92
87
99
98
2462
323
83
75
1429
83
78
82
79
86
82
109
205
87
104
78
103
101
77
89
84
86
82
86
77
93
80
79
84
91
88
129
90
89
987
78
95
78
108
86
85
79
224
71
2412
74
78
90
90
73
91
85
138
80
106
77
137
76
216
97
86
76
1762
122
92
89
96
93
77
158
87
75
75
82
75
77
371
85
88
80
107
680
76
80
100
78
192
88
81
140
91
2411
77
80
91
75
109
75
94
73
85
91
89
82
270
86
74
98
101
76
91
72
92
80
102
89
91
80
85
79
77
90
78
73
78
112
264
87
73
86
73
77
93
90
82
91
73
85
80
89
990
127
89
72
94
91
77
73
136
109
78
72
89
81
74
76
76
3455
71
76
76
81
86
135
89
97
83
78
76
109
102
93
226
74
144
101
110
106
109
106
77
78
87
82
111
81
79
82
163
80
1529
109
111
79
101
158
87
83
116
80
88
87
149
103
120
77
94
134
134
74
87
77
265
101
3780
85
447
90
78
176
83
1557
78
75
115
88
89
78
80
2428
93
100
77
80
91
103
94
428
96
93
86
137
77
89
107
134
81
80
91
83
235
123
96
91
91
462
92
77
92
83
433
77
2416
73
99
74
74
1415
116
80
96
122
76
83
84
91
77
76
89
122
91
111
112
78
83
77
75
89
91
78
81
78
105
78
81
76
74
124
81
80
93
74
85
93
89
96
82
85
81
74
439
4223
484
74
78
114
142
77
163
82
97
95
167
75
90
137
77
109
179
153
110
79
75
102
149
108
78
178
294
89
85
98
93
108
101
77
113
90
85
1400
84
88
88
74
89
156
99
117
97
77
87
105
77
169
82
1414
217
76
96
77
74
100
105
134
91
2425
76
143
93
84
75
77
89
1407
78
79
102
92
95
77
128
124
191
80
97
99
90
92
85
79
84
138
179
91
91
132
100
151
122
152
138
89
137
163
1167
101
109
121
142
90
122
449
111
674
117
102
99
4164
247
156
98
128
115
111
148
219
220
1158
95
76
83
80
89
86
122
661
560
72
126
95
698
84
79
85
91
80
88
119
112
76
100
103
466
77
124
111
85
121
80
93
107
156
79
81
97
261
93
90
110
93
161
186
94
831
3602
71
107
78
75
83
92
90
119
75
92
89
133
98
80
82
103
139
78
89
109
83
77
88
79
100
79
79
126
91
110
110
126
97
77
104
2696
85
102
76
119
171
74
82
106
108
150
81
88
80
82
84
92
119
109
110
83
102
100
74
179
81
83
173
106
74
117
135
81
81
87
107
84
209
78
95
97
77
83
1522
133
80
89
81
77
104
179
76
82
1452
80
130
99
369
79
145
93
90
79
110
1416
102
113
111
130
125
103
106
80
85
93
82
79
209
652
437
166
78
104
147
404
113
102
200
93
107
95
81
96
136
788
80
79
109
87
73
98
118
81
635
78
93
131
82
80
114
120
86
84
99
88
115
85
96
95
136
345
114
77
1440
77
85
84
155
73
236
82
82
1479
85
95
107
107
85
93
81
97
93
80
104
79
112
91
111
101
78
108
828
104
79
85
88
88
95
88
97
86
91
116
91
373
92
111
105
76
80
104
89
82
124
75
93
110
82
80
121
85
2397
85
1420
94
3415
74
97
141
85
100
113
111
84
101
99
85
80
112
87
445
1487
90
93
79
82
78
101
86
86
84
112
89
94
79
93
81
83
114
83
414
82
1667
73
439
106
87
114
90
84
101
93
77
1410
120
85
1041
77
100
81
120
97
102
117
92
104
91
78
99
118
84
81
95
96
203
79
91
92
77
2429
77
109
84
89
85
158
84
78
1326
74
145
84
109
80
78
82
101
86
446
176
3990
74
102
98
98
85
172
78
82
89
164
79
97
88
137
95
95
92
132
88
74
2402
86
72
85
140
81
108
90
95
1393
1396
119
103
79
91
77
90
101
75
90
93
89
78
92
72
75
74
119
81
82
86
74
94
75
75
89
81
90
114
145
97
93
144
92
80
409
154
76
70
95
90
402
80
104
128
127
148
80
74
80
95
119
98
88
109
217
70
99
86
75
130
99
102
100
74
76
85
114
1409
80
80
101
75
99
86
75
139
105
85
83
107
78
75
78
78
111
76
87
110
100
89
86
113
2436
90
76
85
94
74
88
95
186
115
91
75
83
115
83
106
1441
107
100
119
126
126
83
86
90
90
1411
111
81
144
101
84
102
113
97
84
108
225
95
96
164
75
74
89
111
117
1416
76
83
97
138
105
104
80
89
75
106
100
111
107
82
80
86
78
87
87
78
73
72
92
73
75
95
74
148
78
93
93
92
78
82
92
127
246
90
85
90
83
89
88
85
117
89
2419
114
112
410
418
90
82
103
172
96
89
94
80
78
81
101
75
1446
97
77
80
100
108
103
104
96
2421
94
86
105
88
91
78
84
105
71
171
85
77
229
79
90
1402
90
79
81
100
76
119
84
88
105
82
126
85
88
120
80
78
98
178
80
83
94
80
96
122
103
88
1413
90
83
98
168
89
76
134
93
76
79
98
78
123
73
148
186
337
82
82
4413
440
77
90
108
75
76
99
87
81
77
89
115
78
70
90
1425
105
78
128
118
74
77
82
126
78
85
100
88
80
79
104
102
96
126
393
69
97
77
444
90
92
76
82
75
79
105
106
79
81
112
150
77
80
109
1462
78
160
96
125
94
80
87
967
72
79
113
589
124
79
76
96
84
137
77
117
102
191
75
80
79
89
97
84
112
73
95
234
203
74
106
2463
76
91
87
76
88
90
854
93
100
74
109
2565
71
77
168
73
84
108
75
88
78
116
86
78
114
93
91
80
76
133
108
81
121
107
76
107
253
80
71
98
104
77
95
89
102
83
76
153
102
96
160
73
83
101
92
72
3433
79
73
83
113
73
2411
79
68
67
82
86
77
91
78
135
94
81
93
99
114
100
95
76
129
76
78
197
75
95
104
91
82
1401
87
89
76
75
107
87
102
78
146
209
75
81
83
106
83
94
188
69
90
84
79
76
2644
119
74
90
122
86
99
100
114
82
98
104
83
73
99
135
89
117
95
93
468
426
80
92
100
1316
73
2422
112
69
71
79
96
82
97
114
79
112
100
95
91
1480
87
1398
156
78
87
128
104
113
75
119
90
146
80
102
110
124
77
104
75
82
110
118
77
136
2431
70
75
77
97
102
83
101
120
73
107
83
81
76
145
104
77
175
96
2442
82
79
89
426
77
189
91
105
180
118
91
76
106
94
155
559
137
125
183
114
104
120
108
142
125
116
202
148
90
91
121
548
112
125
156
74
98
194
129
143
93
132
133
89
90
102
109
105
76
2366
84
103
89
76
109
102
96
97
2482
96
76
82
76
151
77
98
90
72
105
80
185
119
85
84
87
83
82
77
88
84
161
74
132
76
84
451
98
90
86
72
80
90
86
91
94
77
107
85
109
117
98
76
82
2412
93
82
121
76
87
108
75
100
83
199
91
88
83
104
75
82
86
96
142
98
84
98
295
91
816
322
71
118
129
74
74
97
94
91
2578
86
102
75
84
78
88
1402
78
178
93
114
73
83
1437
102
103
85
89
77
77
102
81
77
124
186
77
74
109
74
110
76
82
81
88
76
74
73
291
79
73
74
76
285
80
76
1179
133
74
91
93
112
74
107
117
73
80
93
100
80
74
102
85
96
82
77
100
83
105
108
101
92
230
79
75
88
1530
69
92
82
76
80
78
91
80
2427
75
82
78
89
87
78
86
74
92
80
77
91
87
71
73
87
82
95
88
94
83
74
76
81
94
314
192
87
95
90
95
73
92
99
3424
71
134
78
75
77
87
79
85
119
107
136
95
128
111
74
75
181
84
98
79
111
92
75
81
121
109
81
123
75
80
81
115
89
83
124
81
96
86
83
96
75
94
101
102
88
77
110
77
114
87
73
2405
76
74
73
75
84
94
87
95
88
76
75
99
79
99
80
82
1430
126
90
78
72
136
103
84
94
84
80
118
84
91
77
83
114
128
95
1578
99
85
106
80
87
76
126
89
92
106
114
92
104
107
83
104
83
132
121
101
78
281
121
75
121
77
81
121
73
73
93
98
78
87
150
79
76
88
107
90
79
88
77
94
80
85
75
80
75
99
1413
81
95
476
108
92
85
80
95
90
73
88
85
96
79
250
98
137
96
75
131
80
90
1630
72
139
90
94
97
102
86
87
75
104
152
75
120
78
100
85
92
99
76
134
89
160
103
1452
96
80
81
118
314
78
90
75
83
96
78
90
98
85
1427
105
78
99
199
93
83
81
2410
74
77
150
122
82
76
76
127
84
87
79
76
99
108
77
94
83
112
82
75
142
75
315
78
113
97
74
1412
132
89
70
79
192
95
75
80
222
660
71
83
72
115
85
92
101
104
84
104
73
88
539
95
75
2448
87
257
86
84
118
87
82
138
80
87
92
110
88
74
91
78
223
129
308
123
164
107
159
462
73
139
272
182
95
215
131
273
162
120
202
355
165
236
166
136
255
180
198
135
239
225
291
1288
101
110
984
110
79
305
77
99
87
73
126
79
86
98
89
72
80
76
106
231
75
83
118
146
85
79
103
133
76
80
105
1301
95
79
110
76
100
79
117
474
85
178
120
74
88
98
100
133
79
166
97
102
81
83
107
298
89
368
109
87
116
514
89
95
75
91
87
75
226
75
100
84
82
93
76
78
106
185
74
101
85
95
83
84
88
90
92
86
83
85
92
96
84
88
93
100
79
111
94
101
75
93
288
86
92
80
92
83
91
75
91
95
92
86
122
100
90
77
77
88
100
106
89
97
81
99
1714
78
85
97
295
786
70
67
91
85
79
143
82
73
127
89
77
76
82
86
85
78
75
93
77
77
112
83
72
74
77
119
115
104
102
2413
71
67
99
86
79
78
74
92
93
72
92
87
73
103
124
86
83
71
111
73
88
83
84
97
95
76
74
79
76
80
99
76
106
97
84
86
90
116
125
162
101
108
122
146
78
98
94
76
74
77
80
89
94
73
114
74
73
79
109
92
73
69
92
83
94
73
126
77
137
77
140
84
75
76
82
73
98
134
182
129
160
177
180
176
217
99
131
180
97
255
2545
85
73
92
80
89
75
124
85
80
107
79
450
85
96
91
82
88
94
67
106
155
78
69
74
71
79
83
74
73
73
431
82
81
97
89
81
109
106
93
85
97
78
74
218
95
440
5416
1581
74
1172
72
83
81
76
90
157
111
83
77
77
89
81
121
98
349
80
90
118
72
89
128
85
87
111
75
83
108
84
80
82
80
76
123
78
73
95
74
79
73
82
77
96
95
4520
555
201
89
89
82
85
89
92
138
71
71
75
72
1565
73
72
74
90
75
119
103
90
99
75
72
535
84
76
97
88
96
80
77
73
72
76
70
74
81
91
85
122
98
76
85
97
3734
71
102
75
137
88
77
107
76
87
78
95
78
130
113
75
105
84
115
96
218
94
87
76
77
126
75
69
71
74
83
85
84
424
634
84
80
200
97
97
272
82
83
88
76
124
78
79
94
306
77
514
75
93
135
953
71
117
73
77
92
79
202
89
80
100
88
75
108
84
304
102
75
105
419
93
114
84
101
107
81
89
84
87
98
107
312
133
75
88
131
112
88
135
99
1113
75
89
137
88
81
274
98
108
78
76
96
79
176
92
96
74
76
111
79
140
82
86
82
3427
72
119
80
89
101
119
111
82
156
74
71
113
105
78
76
111
87
92
118
76
83
80
77
95
80
78
94
78
3443
87
125
2441
5427
1502
123
91
77
816
96
96
95
462
238
168
84
76
77
107
96
90
76
224
133
100
78
94
121
78
77
113
95
73
86
87
94
244
73
79
74
75
112
93
133
95
125
116
107
89
74
198
80
119
114
85
103
79
454
79
4529
563
104
81
76
99
74
68
92
85
85
80
72
111
74
85
75
1469
75
93
83
81
113
120
74
78
93
87
80
78
458
83
96
183
91
79
123
97
74
80
167
86
79
92
95
97
85
6420
2535
84
98
89
106
119
82
112
87
90
73
67
64
75
82
84
76
87
92
75
85
101
92
82
97
166
109
228
73
124
88
75
83
74
71
75
1197
2449
71
80
90
148
73
74
108
76
84
244
590
83
71
112
88
88
85
96
80
72
475
74
117
120
199
84
100
87
97
1489
77
80
74
96
71
76
2471
84
91
70
68
69
77
122
136
75
175
74
69
78
103
79
90
84
80
83
79
80
84
80
77
72
89
74
81
88
74
75
71
100
449
119
93
458
88
84
136
75
79
104
89
73
76
99
90
94
99
1487
231
91
88
72
107
83
85
83
217
86
107
142
115
86
78
99
84
89
77
89
87
95
86
399
101
95
87
84
95
93
87
457
85
78
103
3450
81
95
72
82
168
75
78
72
75
94
87
96
101
92
78
160
197
79
117
95
217
77
84
176
73
79
77
73
94
431
73
83
403
77
118
85
183
187
103
72
75
89
93
94
119
86
96
75
78
93
76
77
154
1474
87
82
91
113
517
72
428
81
90
79
104
110
76
135
1427
77
121
73
93
77
84
78
84
122
411
83
1402
77
1417
86
83
86
89
101
99
100
78
158
1442
76
80
86
129
80
96
74
81
81
78
106
76
79
140
115
77
95
88
429
101
109
73
80
76
104
314
88
79
74
103
466
86
90
91
100
84
83
74
77
83
80
85
95
80
123
210
134
99
99
97
80
90
79
118
82
75
90
122
95
100
90
82
76
76
1453
81
71
98
92
79
76
2441
70
79
112
96
109
76
91
77
76
74
86
79
74
86
109
87
77
77
94
115
80
74
90
99
161
71
77
92
78
80
90
83
78
74
75
73
79
76
82
79
81
72
99
138
96
107
107
84
426
74
1176
119
84
83
123
102
127
102
76
245
169
77
78
148
1500
190
415
109
92
90
79
81
97
78
443
75
113
74
91
114
77
90
952
89
83
2421
105
106
106
74
75
83
77
106
102
128
75
118
100
120
76
87
102
132
86
87
113
78
77
101
118
73
1723
88
75
80
253
90
102
409
129
85
123
119
74
148
96
91
82
141
91
1423
1423
85
97
134
83
101
73
132
85
97
74
189
83
97
98
134
627
79
91
135
77
81
105
2471
79
84
90
95
90
88
79
68
115
94
77
122
81
93
124
73
84
87
81
76
95
78
200
86
89
93
87
90
103
77
126
118
122
99
106
87
89
758
79
73
94
73
122
84
102
93
91
94
99
94
86
92
82
94
79
86
80
84
96
79
76
74
70
758
86
74
82
74
87
98
78
82
235
75
74
77
104
81
178
869
72
79
145
89
79
425
76
1400
76
72
109
76
90
109
94
74
74
80
162
474
94
69
76
2488
81
72
68
78
75
73
68
74
85
84
125
79
81
81
74
103
137
79
81
72
91
89
92
85
118
84
99
85
83
76
191
431
91
94
120
97
79
108
75
89
80
125
97
1409
81
76
84
123
72
102
97
74
78
73
75
81
74
71
73
210
89
77
76
97
77
81
114
122
76
95
84
79
124
86
89
80
107
144
85
84
153
178
98
701
221
74
1411
77
90
2455
93
81
116
94
103
83
86
117
86
81
140
76
75
102
114
80
113
110
221
94
79
89
115
93
198
71
122
110
129
82
108
1457
110
77
98
80
259
93
115
99
161
115
127
83
86
87
164
77
488
77
211
90
77
95
91
112
76
102
101
75
82
167
100
81
98
110
73
88
78
76
105
90
116
110
79
1468
74
98
96
580
91
84
84
85
123
82
98
101
133
89
106
78
152
76
83
93
136
92
91
112
78
87
108
132
97
90
75
101
95
95
3399
76
145
75
148
87
88
92
77
109
133
90
103
97
105
100
90
79
77
122
82
78
122
102
81
106
286
262
321
79
297
93
164
260
408
158
323
314
439
259
308
428
97
209
205
291
540
2420
112
90
110
83
1049
96
79
80
972
121
78
81
96
150
78
358
569
100
81
78
93
80
2729
77
131
262
212
94
102
87
113
122
92
110
176
94
129
92
97
72
76
416
76
82
96
87
97
92
102
158
1672
76
73
138
94
82
129
111
108
114
126
82
76
119
175
126
124
124
126
75
137
105
138
116
126
128
109
123
2531
74
107
88
91
137
90
78
87
105
78
75
2480
79
76
121
145
94
151
87
123
172
78
77
106
151
122
78
141
149
93
78
86
89
149
81
80
125
100
75
130
77
122
163
85
124
81
95
8660
4698
712
84
125
83
168
84
116
79
89
78
114
75
127
89
101
102
116
87
93
2415
92
76
81
118
1405
92
133
118
83
130
93
129
120
85
92
105
138
163
82
96
130
78
91
83
116
113
242
97
76
117
152
79
164
77
93
117
99
88
102
94
119
149
760
1055
107
352
362
86
108
105
88
538
78
140
79
81
83
146
762
109
92
340
126
171
78
113
670
78
111
108
85
106
125
330
81
142
96
838
92
75
75
2649
82
101
82
302
94
114
75
81
85
246
126
1426
73
76
85
89
231
105
91
100
89
73
90
94
94
80
85
129
94
85
75
122
99
82
85
82
152
86
94
2409
76
144
79
107
78
89
125
75
435
93
305
76
80
73
94
78
169
78
94
125
163
77
110
97
76
94
92
79
86
75
425
103
84
78
125
135
84
123
81
75
84
75
74
110
482
75
73
457
96
112
89
123
82
75
83
100
174
78
106
76
333
118
101
84
86
111
78
101
88
111
265
109
88
74
73
77
73
115
172
109
141
80
77
113
72
126
72
74
126
76
97
76
91
74
346
75
108
89
100
171
76
88
127
86
107
105
75
78
81
75
372
76
80
129
72
100
81
74
102
93
82
79
86
103
120
111
147
79
95
107
120
113
89
114
97
97
464
128
130
75
80
136
96
124
87
154
146
74
600
79
75
129
82
112
81
78
102
78
122
136
150
1209
144
87
405
116
85
129
79
129
135
97
79
497
99
120
105
107
96
98
74
142
156
78
100
146
78
161
123
104
112
80
138
117
73
125
76
112
112
76
75
119
104
109
80
645
95
1490
100
84
154
126
91
136
78
107
85
426
83
90
146
85
150
114
104
132
140
124
122
143
85
141
114
84
147
73
97
112
81
78
103
105
83
132
416
162
221
108
114
307
153
280
420
521
104
86
76
75
75
92
137
331
99
87
151
95
96
109
81
127
352
104
91
76
106
88
108
79
255
121
104
75
85
75
130
112
89
162
75
85
114
73
79
84
101
80
91
83
89
91
81
412
91
247
101
96
85
118
134
87
90
108
184
84
108
87
79
91
94
94
128
129
99
84
83
99
131
82
79
89
81
134
77
81
103
106
85
132
237
91
73
89
110
77
93
95
85
97
90
78
91
155
80
96
128
108
83
94
81
101
103
86
140
88
104
82
119
83
80
333
158
77
96
101
91
87
95
106
132
95
76
105
903
74
105
131
75
91
105
72
141
85
93
127
95
73
77
90
183
93
787
113
81
89
143
87
88
313
82
115
136
85
86
102
86
89
98
83
122
88
74
157
94
105
136
87
140
97
93
75
94
105
308
158
87
79
122
86
97
138
99
107
99
93
77
88
89
164
77
143
260
75
85
95
85
139
107
210
144
83
75
94
139
256
137
80
78
85
94
84
89
146
312
72
125
2410
79
150
82
76
181
147
166
140
78
426
1482
119
88
81
86
80
77
126
101
94
201
73
104
205
84
84
1753
73
78
87
82
1406
77
77
87
113
83
80
74
153
75
137
270
90
93
138
92
84
93
84
78
78
93
91
85
227
101
144
83
94
76
114
194
113
81
82
132
142
90
128
83
104
137
78
119
162
154
132
414
135
92
84
142
151
107
76
150
135
110
143
92
139
138
420
129
159
330
76
84
240
120
90
169
128
108
103
137
365
570
78
109
1189
1428
590
7611
3851
961
1102
74
72
92
160
80
107
85
70
68
75
73
86
70
72
85
111
105
85
71
75
109
121
79
76
108
75
71
70
72
87
117
70
70
77
131
71
80
71
861
82
87
90
107
162
898
121
85
1215
147
172
121
85
322
123
657
116
73
79
76
140
76
85
95
110
1282
71
78
76
107
90
83
93
89
75
72
123
99
76
92
87
169
86
86
456
73
71
135
88
98
119
85
74
75
74
77
93
92
78
77
70
111
86
78
79
86
93
80
89
80
81
90
172
90
119
85
82
111
76
84
338
78
110
98
406
78
74
77
81
153
80
87
90
92
92
80
1451
79
81
1180
72
104
426
85
84
136
77
142
96
86
103
83
88
88
79
110
539
96
261
79
90
1025
80
98
135
76
91
91
85
76
91
91
96
100
144
93
98
76
90
76
84
84
86
84
77
76
80
70
66
74
102
221
78
83
858
77
125
101
88
91
107
95
122
77
78
102
79
444
77
141
1410
77
103
1564
77
98
84
70
74
83
103
112
84
121
97
76
82
74
78
89
107
99
91
120
81
79
92
87
84
107
79
649
432
75
89
102
78
70
73
149
86
97
77
70
226
85
80
78
84
78
83
80
82
94
112
83
81
89
647
77
88
78
98
79
80
89
98
1427
73
90
74
73
81
87
80
75
91
92
90
100
73
75
94
100
85
82
122
76
98
123
76
81
110
111
820
100
109
78
113
82
96
78
98
80
78
88
80
85
81
110
78
72
95
92
75
93
107
76
77
76
78
92
107
83
1536
107
110
81
84
105
79
97
73
69
78
80
82
79
71
76
70
69
76
113
105
79
69
587
80
151
84
75
68
82
101
84
98
411
77
90
106
104
95
97
90
139
156
80
98
82
98
84
88
86
150
80
83
76
74
77
85
82
98
78
72
84
89
78
94
129
115
910
130
112
2469
67
71
68
128
86
173
79
90
92
84
83
102
76
78
76
80
73
74
131
76
83
78
116
88
84
72
73
78
78
75
120
81
100
79
109
97
77
577
82
93
145
83
113
76
80
301
76
84
474
148
78
172
82
133
74
131
107
100
97
83
80
76
78
198
78
94
117
77
93
99
87
75
79
77
77
73
107
115
98
75
78
146
77
79
95
87
161
74
80
71
77
75
114
80
86
127
89
222
85
77
93
77
122
84
73
76
1969
86
99
83
100
76
76
81
125
76
88
120
85
89
81
79
80
80
97
100
79
76
82
99
84
98
102
77
83
112
2416
82
85
84
1402
89
85
78
109
89
72
79
94
111
82
112
82
78
166
82
82
79
92
81
83
83
77
77
83
110
79
87
83
93
84
86
93
77
85
90
83
94
96
117
87
76
108
79
90
495
84
84
239
118
74
461
84
145
79
126
80
82
80
78
82
1079
77
83
73
80
95
86
79
106
82
89
126
96
71
162
69
72
111
103
75
83
88
76
80
112
96
89
87
78
152
88
75
81
133
98
97
93
107
87
76
1569
95
96
78
84
102
104
76
80
81
87
98
94
90
130
79
79
83
140
105
86
77
96
73
82
103
84
671
110
76
76
93
81
83
107
807
74
76
94
139
91
457
85
78
87
117
561
96
150
82
189
78
110
103
88
92
114
95
79
116
615
122
76
88
3479
73
75
84
104
94
107
80
68
102
97
76
73
94
90
99
97
75
94
87
79
123
80
141
84
83
112
101
119
103
105
74
83
148
75
91
82
125
211
77
100
87
92
82
85
74
124
83
87
243
83
90
82
1420
87
94
107
89
144
106
87
438
76
90
91
104
123
80
107
114
1458
81
88
121
78
74
99
90
97
114
83
104
87
99
133
83
84
86
154
83
99
99
75
190
96
74
79
86
85
85
506
82
98
77
169
81
103
91
186
74
87
89
86
2439
95
116
136
95
112
87
101
85
92
103
112
129
92
116
98
83
98
109
88
82
99
95
100
122
90
122
114
431
105
129
85
89
143
666
86
105
133
86
148
80
112
80
80
84
81
131
82
81
87
94
77
75
76
81
92
121
80
89
87
92
150
77
92
116
86
111
92
76
129
1529
110
97
95
101
103
118
86
95
103
91
1825
98
214
241
79
90
165
94
133
140
85
147
134
130
88
79
358
83
122
73
1425
120
91
98
122
77
84
82
1452
196
115
145
117
75
110
115
105
113
86
900
104
118
118
80
417
129
85
163
144
110
81
85
80
114
94
83
1710
75
94
110
86
99
149
78
106
139
84
87
97
101
84
605
129
253
95
96
109
77
87
152
101
94
92
102
454
96
137
82
1458
88
156
132
98
92
163
80
101
111
91
130
266
77
142
86
110
80
90
83
105
111
81
122
419
106
86
2397
73
123
85
88
113
94
96
96
100
82
85
115
101
84
98
102
78
173
86
97
95
162
78
91
115
78
107
85
83
481
86
91
146
169
97
88
440
84
1438
115
123
98
81
813
81
86
80
89
134
90
79
3242
69
118
112
90
98
74
99
108
189
95
133
83
113
219
144
198
82
81
108
398
94
83
98
1316
81
76
113
104
99
83
114
120
94
79
105
97
80
85
77
83
104
127
84
90
74
99
86
268
76
85
444
1577
125
102
99
78
90
95
83
79
91
111
75
81
100
98
79
203
85
78
211
428
87
84
1441
98
80
137
81
76
84
82
78
82
138
92
93
125
86
81
117
1040
132
108
76
94
81
78
83
1432
148
88
77
235
85
433
91
86
75
114
96
100
2788
80
93
116
90
120
114
80
85
107
94
1436
83
84
85
89
71
76
74
89
77
77
163
98
106
151
104
77
83
74
75
79
95
96
131
82
74
118
87
90
362
74
111
77
113
80
105
74
95
90
80
113
99
142
74
77
129
105
102
88
85
339
90
120
76
86
76
84
95
123
100
100
140
75
106
102
80
89
154
79
92
110
112
87
124
97
250
86
261
249
110
294
77
304
305
286
76
212
375
262
241
204
189
280
261
78
202
224
89
309
151
278
81
235
141
206
239
357
119
177
318
130
174
193
143
223
253
280
220
298
191
210
332
513
82
196
223
79
266
190
173
204
109
161
196
231
191
195
169
109
236
352
137
168
214
332
140
170
261
212
258
187
592
83
86
89
231
244
132
150
159
372
210
335
81
194
109
125
214
282
177
150
154
236
166
267
222
222
172
233
173
1800
73
555
104
82
96
506
98
139
109
98
94
81
85
120
81
81
108
84
76
99
84
129
79
86
76
88
103
73
128
114
79
120
90
111
1194
97
86
93
128
83
118
90
80
110
101
74
115
103
82
82
126
90
89
87
111
76
103
90
104
105
95
111
93
78
118
97
78
178
206
90
153
102
94
423
77
80
78
78
110
80
78
75
74
139
74
114
91
78
92
91
86
95
81
92
89
91
108
75
105
109
94
80
113
80
162
192
185
154
339
412
81
78
75
78
195
199
167
236
224
125
192
243
308
153
132
157
137
176
212
159
201
406
336
195
294
109
229
217
179
196
283
229
432
97
195
207
391
215
171
215
190
120
224
175
402
77
154
2354
121
118
135
104
102
80
128
103
77
180
426
87
112
370
80
80
701
79
100
332
81
91
94
91
81
431
127
83
477
103
95
129
116
88
134
137
135
115
82
80
96
88
100
100
199
85
86
116
79
73
95
104
83
93
155
86
167
80
95
81
84
105
78
114
76
102
122
87
108
100
106
93
100
92
117
75
115
109
95
92
93
157
597
317
283
88
147
111
302
521
425
79
168
107
209
79
486
128
443
93
103
235
347
151
266
374
192
227
374
245
237
171
562
145
193
271
180
115
200
607
127
299
242
290
221
177
256
425
326
215
188
197
251
230
354
160
231
422
441
251
300
358
84
343
346
470
124
364
211
223
367
241
247
140
205
222
270
365
142
254
372
288
227
320
220
407
102
202
253
88
166
291
267
177
562
488
92
239
173
297
251
214
154
242
249
206
298
236
241
273
282
88
338
206
294
169
269
570
212
247
165
185
316
412
147
465
94
271
165
269
249
312
347
245
152
111
184
269
297
147
221
78
488
83
236
320
87
175
414
336
140
219
280
238
426
733
79
216
412
260
76
100
100
85
136
96
81
90
196
106
215
185
267
261
234
227
408
293
313
334
74
151
334
300
231
292
317
315
436
209
151
182
283
232
280
143
134
198
285
153
146
282
485
172
284
203
166
277
363
88
212
103
361
489
103
80
331
89
79
96
102
89
124
75
269
129
227
273
398
82
290
300
168
160
155
555
105
312
187
96
222
215
256
122
314
295
303
173
289
221
264
224
370
177
330
223
328
328
160
245
195
128
318
314
275
210
319
312
163
226
205
205
250
475
190
104
185
104
85
159
188
211
80
166
258
234
210
418
211
178
242
418
125
269
181
88
173
184
259
417
345
203
368
113
194
239
229
221
201
145
116
334
500
147
159
285
208
799
293
464
86
128
105
79
89
79
79
114
1196
74
266
78
102
87
116
114
88
240
113
109
121
88
99
101
109
81
85
130
108
119
132
97
102
91
84
80
81
104
80
72
112
83
94
133
85
90
99
81
75
102
161
210
109
207
210
159
261
240
291
235
133
116
177
153
164
258
116
214
222
171
120
241
244
162
268
372
277
238
101
93
102
98
140
89
94
398
105
78
121
94
75
105
122
87
133
124
105
79
88
112
114
81
75
153
99
92
107
113
103
73
89
106
127
73
96
109
81
87
168
121
136
132
248
142
127
287
286
99
251
159
172
270
215
185
122
186
198
565
83
84
98
83
93
120
204
190
246
158
149
247
140
213
457
80
104
179
322
149
160
178
229
199
144
279
114
192
228
253
327
259
95
144
210
225
241
141
205
186
86
267
235
169
99
206
122
856
237
100
97
92
447
80
100
107
78
215
81
90
118
76
83
95
79
109
84
79
121
103
117
141
99
99
543
97
117
108
105
72
116
95
86
77
83
84
89
106
117
81
90
113
85
91
113
95
78
156
81
141
82
112
104
226
95
73
435
103
89
98
110
85
106
108
119
103
113
89
343
108
114
78
89
101
331
80
105
103
81
80
366
74
161
75
71
84
77
85
73
106
79
89
90
103
144
81
80
136
76
102
80
137
105
82
79
84
356
78
75
91
82
79
87
110
77
101
82
76
82
84
88
129
77
73
83
112
80
125
75
89
103
87
84
118
77
102
101
130
78
354
225
354
394
394
143
185
543
180
168
230
100
266
318
157
201
173
115
191
321
196
216
487
239
214
175
246
207
429
169
229
268
369
100
110
289
242
227
121
131
205
184
241
232
218
235
366
253
171
166
470
82
201
230
223
111
151
196
259
211
153
202
137
169
374
309
205
332
325
266
132
463
77
127
218
220
281
88
265
221
280
197
261
290
315
136
228
234
345
155
192
528
132
468
219
259
305
331
326
84
194
271
159
157
211
259
134
235
75
183
188
121
317
301
268
145
225
248
439
85
363
348
192
235
120
170
257
176
186
350
89
75
94
514
80
132
240
528
350
145
191
203
326
96
96
162
287
310
240
402
298
128
198
125
220
162
269
140
239
158
272
173
96
233
217
328
262
245
149
500
168
164
224
483
483
337
299
456
303
193
434
295
100
266
139
475
212
215
250
231
221
338
345
94
226
173
245
241
241
439
310
326
227
193
449
109
240
227
458
88
306
299
150
368
230
332
92
300
93
286
295
273
244
688
77
80
176
236
203
251
187
358
293
176
1151
492
234
151
223
394
254
172
281
220
268
250
434
254
351
343
244
271
283
322
155
298
229
239
339
147
634
78
278
91
206
431
300
174
174
166
142
220
273
144
182
240
207
193
272
251
146
400
415
241
101
284
369
76
171
194
241
307
211
342
287
153
454
232
285
236
256
97
254
188
251
176
269
294
322
142
406
322
302
77
122
324
365
313
330
281
227
213
101
353
337
164
208
547
239
284
431
514
396
213
235
247
243
535
203
134
199
266
259
460
149
204
292
240
314
332
205
224
475
192
478
173
186
452
311
201
180
452
408
312
465
80
236
309
155
231
344
349
220
234
438
166
498
83
156
165
314
468
77
241
217
79
127
536
86
83
197
234
181
78
279
224
457
166
141
483
161
156
147
182
217
457
433
281
280
315
185
260
198
161
230
201
262
201
500
167
251
520
265
293
253
142
336
614
74
126
200
157
202
349
189
238
112
283
266
342
294
269
286
134
235
318
166
890
190
307
366
120
340
233
214
234
236
275
232
234
215
264
408
276
328
435
143
319
264
517
215
243
155
503
296
145
438
204
103
323
506
179
164
356
170
357
208
272
197
304
301
324
269
271
587
221
181
430
208
154
199
253
149
221
306
254
152
463
479
254
229
419
258
179
187
260
287
205
179
261
299
111
213
276
423
161
397
218
283
319
577
310
218
285
208
278
357
93
206
345
303
131
541
290
254
152
290
253
269
245
227
299
194
334
199
157
244
239
262
290
97
82
148
198
81
267
224
277
160
330
283
210
523
87
176
257
448
318
276
211
406
154
543
178
318
228
136
504
305
166
289
331
220
213
256
429
131
301
113
175
458
208
275
220
309
161
99
369
260
246
154
251
238
172
134
372
231
266
520
141
148
355
358
246
135
200
200
449
149
81
373
414
202
229
232
129
268
231
351
282
262
108
481
173
225
194
191
150
364
525
224
222
287
292
210
288
340
293
183
87
219
268
187
253
416
240
328
464
201
272
484
89
114
536
111
324
441
109
206
409
334
192
370
316
82
471
283
266
149
320
250
105
322
213
277
281
129
536
125
373
258
219
338
493
284
456
146
460
171
260
452
204
272
234
529
185
244
220
525
107
263
249
158
262
265
262
161
143
91
293
318
189
84
88
225
167
354
234
274
471
113
83
118
85
76
96
158
175
188
185
211
132
304
142
285
227
448
165
253
216
299
3656
2421
79
76
142
96
83
97
76
1421
75
97
84
152
265
85
108
106
86
1412
101
141
84
80
103
81
87
79
103
73
73
97
78
87
109
81
87
114
2427
78
73
142
85
74
82
78
79
107
77
86
87
85
95
77
72
126
103
74
152
82
96
77
78
80
88
97
72
107
71
91
79
83
83
98
74
74
117
127
196
76
1792
78
75
87
93
72
82
2425
81
83
81
75
92
91
94
86
79
86
80
1417
99
76
99
90
90
72
107
96
82
80
106
285
77
73
101
102
88
91
114
113
140
78
238
93
83
83
88
111
81
116
109
79
76
201
91
102
81
106
100
93
81
100
119
76
102
92
128
81
231
257
78
86
86
113
95
274
94
79
88
128
112
91
226
76
83
106
80
200
106
76
109
82
115
94
91
3472
71
91
84
100
88
89
107
80
89
82
1558
167
77
75
75
106
74
129
79
77
79
76
73
122
78
90
96
124
119
122
109
132
166
128
92
75
82
109
140
94
132
106
112
173
102
88
4584
626
142
136
94
117
106
139
137
115
239
79
75
166
124
83
75
137
1409
89
92
80
82
68
86
85
100
143
84
89
109
90
83
1437
88
79
79
433
408
100
112
153
84
92
108
74
83
76
78
84
91
78
78
91
85
81
106
75
1472
68
138
85
93
78
240
79
80
101
75
119
84
93
82
123
87
75
77
137
2394
81
80
74
91
137
81
83
87
82
82
77
3446
86
77
94
126
135
120
82
78
87
150
80
76
82
90
116
80
75
141
156
76
75
78
89
89
97
75
81
220
272
74
94
123
1439
148
72
112
80
76
363
69
86
78
112
90
77
95
116
77
76
91
133
82
82
135
92
79
85
127
77
157
1409
111
83
96
88
1404
85
83
85
235
75
92
82
141
78
82
76
78
1423
101
123
81
118
79
421
82
100
105
1412
72
86
94
87
74
76
115
1559
71
111
83
101
123
75
70
93
79
83
137
86
72
83
75
81
83
1140
76
86
79
82
76
75
74
282
88
74
87
87
101
97
95
87
113
81
149
97
89
80
113
107
150
82
85
111
110
93
71
83
88
77
74
91
72
78
81
79
87
122
81
71
90
145
1513
73
87
85
102
77
89
156
73
96
83
80
115
101
89
95
78
94
449
86
88
2429
95
119
92
632
71
81
160
92
110
95
88
80
113
80
288
76
115
85
95
109
114
85
82
86
131
189
95
88
89
106
80
77
304
100
81
101
75
114
76
129
89
1437
73
103
118
86
92
90
78
74
2412
91
88
132
91
78
112
78
102
94
88
124
98
92
97
80
2461
83
76
100
83
73
88
102
86
114
80
139
542
107
79
86
103
74
113
81
83
93
84
75
2481
90
77
90
79
123
87
92
80
116
79
105
86
87
135
115
77
91
103
78
81
83
81
314
549
112
77
134
679
280
78
76
88
1419
129
78
91
75
80
80
149
719
135
75
77
91
74
72
2418
73
79
112
90
76
76
68
2410
105
74
88
95
71
103
94
106
94
73
94
103
85
93
92
83
1420
111
73
87
