2345
305
495
301
316
315
316
305
481
366
292
277
307
388
342
319
284
353
321
296
360
273
272
298
287
272
301
289
313
299
270
272
359
318
276
276
275
282
294
304
302
373
286
284
275
297
427
295
279
285
467
307
309
282
406
381
291
284
425
367
287
489
311
345
287
343
287
288
425
424
328
791
321
288
320
283
365
291
371
295
288
305
301
442
352
359
425
275
311
312
473
329
288
377
304
310
288
526
279
292
289
406
325
286
337
482
297
317
361
422
296
359
383
504
301
320
484
303
286
318
302
329
495
323
299
349
308
322
288
477
312
288
315
303
309
289
414
409
297
392
593
303
313
516
304
350
517
356
321
1727
312
351
300
2839
418
331
1620
314
441
339
367
316
477
318
277
367
333
601
355
286
287
307
281
319
278
292
327
377
311
317
282
312
321
337
277
338
311
281
386
317
294
313
359
356
337
316
301
328
333
283
318
316
280
451
316
316
307
367
336
315
391
334
304
359
315
359
298
280
304
428
281
278
355
300
280
355
281
325
326
334
319
500
303
315
357
294
385
321
509
329
351
298
354
453
311
2799
280
334
372
610
288
319
401
359
313
370
309
293
390
373
356
337
350
285
2857
290
332
376
304
350
336
292
321
307
314
296
357
281
307
313
279
286
395
329
288
290
304
325
299
310
288
300
427
323
304
369
350
322
308
321
313
452
378
443
300
290
485
293
334
303
301
298
298
295
443
298
297
364
384
320
294
405
292
392
330
362
318
298
299
327
309
514
282
340
422
286
345
366
292
304
324
407
289
519
315
299
352
467
300
324
332
334
288
319
299
384
346
337
293
326
426
311
355
411
319
314
294
334
314
336
294
296
292
297
314
322
345
336
282
306
324
281
325
297
353
330
308
303
367
411
293
315
345
294
302
362
306
364
350
313
294
358
306
359
372
325
344
370
497
325
301
352
329
288
315
381
301
345
286
307
334
311
284
317
326
284
304
321
368
317
286
322
409
282
284
311
302
315
319
327
329
301
313
346
355
279
306
393
337
374
298
299
338
315
299
350
309
297
349
300
301
280
347
304
300
372
318
284
303
378
290
282
395
296
284
413
283
285
317
313
331
378
292
301
364
299
301
309
290
318
310
300
281
349
282
287
332
382
306
287
333
335
305
287
310
327
349
357
365
288
296
365
301
323
370
287
319
322
362
344
293
362
301
381
379
330
302
285
330
284
312
373
305
295
307
369
316
311
319
351
356
301
316
321
351
297
312
298
284
346
350
327
312
311
350
304
313
327
365
300
301
358
305
283
319
333
294
308
399
302
280
312
322
330
343
284
355
327
283
386
352
292
440
312
286
372
373
293
341
290
376
305
302
325
314
304
330
298
321
330
288
325
295
335
305
295
319
323
332
295
300
312
375
318
315
317
350
322
398
285
287
344
293
285
369
314
318
341
350
392
280
302
319
287
346
340
334
282
373
396
313
356
373
346
283
318
335
354
344
315
293
340
315
288
406
287
286
334
382
301
318
334
318
369
315
354
290
342
287
386
306
345
283
325
401
313
282
311
310
295
336
348
289
311
332
321
371
284
417
326
350
290
326
354
295
330
305
394
284
330
311
281
350
291
288
369
333
363
352
354
336
339
338
308
403
317
288
346
383
286
363
282
368
352
353
296
293
382
327
301
328
306
377
304
306
324
316
322
344
336
314
298
362
296
378
354
313
323
314
303
328
370
300
303
336
397
374
304
318
385
292
362
310
312
386
403
297
336
311
389
308
343
388
316
359
394
318
356
327
320
309
373
354
294
345
366
309
336
406
334
328
333
392
325
296
324
362
360
386
311
321
495
330
341
344
436
345
381
381
349
389
495
333
350
315
340
333
312
326
327
301
357
430
339
373
337
340
367
383
304
371
355
285
326
314
353
342
334
368
347
283
438
353
285
355
476
310
392
337
324
435
422
285
297
330
343
396
2633
321
728
299
362
392
2565
314
324
555
293
774
2559
391
315
2592
277
329
353
330
314
577
2603
295
300
2593
320
316
2572
342
455
363
306
598
358
564
305
285
337
361
450
490
285
308
320
332
359
418
312
316
410
320
389
297
310
329
392
401
307
514
554
466
326
293
312
498
838
294
433
336
424
344
2605
275
295
1718
353
323
345
432
287
346
348
419
481
309
434
335
290
310
324
506
484
305
323
350
302
288
334
339
385
300
402
299
321
400
315
312
456
328
334
343
392
323
309
316
306
319
319
313
326
2191
312
357
394
312
337
324
304
327
360
320
430
326
353
326
348
339
301
372
306
367
520
320
336
349
327
3611
281
353
356
328
612
319
351
2951
309
350
409
311
315
392
312
390
301
323
376
507
317
339
354
307
328
446
333
341
315
326
372
314
395
290
377
344
333
368
340
321
328
400
293
313
362
310
319
375
312
305
333
293
343
2575
2786
5551
2978
2582
274
292
308
469
444
290
345
281
315
284
312
409
300
329
342
450
486
295
346
300
312
621
342
461
319
365
289
401
301
340
488
381
331
287
356
294
429
1762
392
3187
318
343
420
444
396
498
378
372
285
316
287
433
295
344
527
1734
276
284
295
406
771
282
348
286
463
462
377
300
327
451
526
336
311
284
285
1083
590
286
290
293
373
481
291
285
281
291
467
430
374
284
332
303
615
1838
345
309
308
312
599
323
317
334
279
409
475
281
318
309
403
436
300
301
297
431
451
317
291
296
294
478
298
328
294
299
616
384
351
321
291
349
631
1761
281
447
296
577
291
294
598
295
480
456
486
485
322
485
438
343
481
358
318
571
338
578
357
316
444
313
426
325
456
347
343
323
474
338
288
603
296
339
348
487
426
322
397
314
371
303
306
639
309
505
303
307
442
475
302
445
321
320
478
335
302
444
359
324
446
575
309
321
321
292
439
305
387
307
433
478
299
349
453
391
303
346
422
462
322
334
291
485
424
282
300
295
277
407
401
324
317
333
320
286
341
300
399
305
283
308
388
313
461
301
364
305
295
286
487
288
448
335
302
456
415
301
331
570
414
345
285
471
420
308
282
449
335
343
284
342
455
294
298
299
505
316
431
285
354
452
408
285
303
463
294
289
302
455
441
316
293
364
429
309
310
371
448
307
400
281
292
311
470
463
318
308
314
316
404
301
383
327
431
284
295
340
294
467
334
323
438
325
484
284
318
388
304
651
308
475
282
414
280
316
311
496
299
311
416
331
302
296
567
329
319
304
483
294
373
627
431
351
349
591
304
413
329
384
298
669
419
290
563
311
301
287
443
293
313
330
427
277
409
365
425
278
328
452
330
277
299
813
348
285
312
295
428
300
404
448
485
287
306
341
431
321
396
281
806
311
285
435
467
1171
1563
321
439
663
2670
3034
405
2625
562
839
436
505
363
2679
485
2677
693
471
478
591
615
497
500
482
470
491
485
364
584
505
420
484
490
392
2240
509
501
584
507
481
482
613
461
473
459
564
386
691
477
637
487
1078
506
475
474
463
482
458
457
434
620
430
495
2500
472
472
494
494
353
319
446
493
459
460
461
561
477
467
1181
439
457
350
5714
2068
431
653
588
479
469
436
513
480
373
458
456
435
441
464
465
442
416
465
461
404
438
491
388
464
453
466
438
501
405
481
445
428
326
496
450
465
318
458
437
447
447
443
457
468
463
1904
450
429
478
477
352
449
457
495
423
481
504
485
427
403
2646
669
3113
2295
315
1822
486
458
476
430
438
772
976
1247
473
446
496
1257
491
580
483
456
474
449
446
459
484
444
580
480
466
1810
447
493
448
452
481
481
1614
459
433
509
598
451
479
446
462
481
441
419
441
449
402
514
303
477
311
1313
467
442
297
2263
414
389
455
473
318
449
330
483
300
459
450
352
518
468
436
316
353
441
417
320
518
436
294
488
324
2954
1363
643
306
316
396
1134
436
402
297
473
447
293
349
463
301
434
463
321
493
425
294
293
447
350
295
439
446
299
346
462
294
441
466
285
450
301
499
1181
2963
296
416
1143
301
301
442
512
293
433
468
426
325
302
502
387
367
319
435
301
348
602
2635
2590
304
1106
466
319
341
348
379
476
318
472
373
514
407
345
488
477
359
404
420
488
363
363
432
481
317
407
2047
386
459
368
341
574
306
334
338
321
359
670
386
317
344
508
375
470
519
299
359
424
492
477
361
441
438
430
436
489
311
457
295
482
448
481
424
296
467
287
377
292
475
309
408
514
400
413
326
336
379
279
398
526
342
463
405
1485
282
452
282
316
498
299
501
324
521
514
292
443
426
336
438
286
348
470
323
397
491
321
294
432
2522
349
433
440
296
454
458
294
394
480
319
448
483
290
437
457
454
437
309
1557
289
496
451
474
451
486
469
2673
498
488
521
492
396
499
460
486
499
486
498
479
407
505
1238
474
311
799
478
501
457
457
491
478
498
458
420
424
291
439
406
423
405
410
400
390
413
433
427
405
431
430
436
429
444
451
463
491
417
451
480
471
457
448
290
472
462
434
437
512
323
465
444
450
438
455
508
438
449
484
479
283
456
311
441
303
360
300
281
293
310
283
278
452
464
413
451
282
438
1833
322
388
274
455
310
449
452
401
412
445
283
441
307
465
420
280
403
931
451
448
290
503
442
283
311
446
289
313
491
334
421
451
332
294
440
300
324
449
338
348
368
278
437
343
277
375
318
302
286
372
390
336
426
382
299
300
341
379
352
294
422
316
427
440
374
357
361
439
377
303
328
346
362
319
317
327
372
325
295
288
337
2554
311
324
297
323
314
381
347
486
388
403
342
426
331
361
317
430
373
323
445
396
358
451
317
475
371
460
356
428
354
412
398
2587
364
431
372
383
367
359
474
421
429
343
425
445
443
349
355
2105
410
432
330
343
469
402
335
1591
372
379
372
379
336
405
443
417
378
409
327
459
437
446
329
430
342
318
325
325
411
351
331
333
333
348
326
339
317
357
400
341
353
325
462
337
324
340
356
361
366
364
331
495
366
451
331
385
366
413
359
327
429
319
329
296
346
315
327
338
359
2901
303
349
289
367
290
306
404
294
280
292
314
291
314
307
359
418
1094
324
313
583
333
284
296
2587
336
363
366
298
448
413
290
305
334
351
296
304
288
618
365
505
292
293
318
466
291
297
304
384
436
321
306
322
316
302
587
300
351
300
428
298
493
318
295
302
281
306
297
449
291
314
339
291
291
390
309
361
309
344
300
1491
339
364
293
333
307
456
319
339
293
293
283
354
317
313
307
312
290
369
1893
291
321
330
296
571
2570
302
288
337
294
299
568
2572
285
293
316
569
2792
287
321
316
1181
299
285
289
311
393
477
300
2566
292
299
2610
317
313
307
295
350
316
302
333
305
299
619
318
286
296
283
2596
2180
294
2554
278
282
382
337
283
299
280
332
425
333
294
280
274
295
317
401
298
286
280
290
292
285
784
344
306
335
302
389
280
306
339
285
294
341
332
1931
313
294
368
335
284
437
313
330
363
306
307
583
322
320
1563
638
299
1937
292
307
324
285
290
397
374
296
300
319
292
334
420
288
292
322
419
308
289
307
412
285
332
292
313
302
322
295
292
297
335
343
278
355
343
284
300
304
314
340
290
284
310
301
324
284
303
383
281
299
366
325
306
292
412
285
283
326
332
304
295
339
295
291
396
294
284
402
295
290
288
290
343
313
349
326
291
295
293
297
364
318
276
338
353
279
350
319
325
351
288
305
365
294
277
313
310
324
281
290
290
302
320
342
291
290
399
332
373
322
287
338
327
308
342
309
428
386
279
350
333
299
333
323
333
301
329
306
287
291
393
349
286
325
280
301
323
343
289
414
284
405
302
318
308
305
288
396
316
336
376
311
321
312
308
289
344
296
331
283
367
326
292
446
309
320
330
302
403
306
300
325
321
305
350
387
286
318
296
396
290
315
439
325
294
358
304
274
346
378
313
312
355
303
285
393
312
345
386
367
358
358
368
315
490
317
328
308
390
327
375
352
303
311
306
386
297
291
374
292
293
291
290
343
317
313
308
302
377
347
345
405
344
427
328
327
306
290
295
405
285
334
340
338
300
289
434
381
344
308
397
342
297
318
389
311
319
344
334
306
310
413
360
314
314
390
307
315
294
349
412
311
330
340
336
317
289
355
337
287
289
325
351
290
292
327
277
389
282
351
355
358
282
303
296
298
280
302
317
398
407
308
353
289
311
301
314
283
287
309
284
303
2782
324
289
349
285
326
442
282
359
325
284
311
277
315
345
319
278
332
295
287
370
320
285
281
379
323
371
300
289
349
328
409
349
282
299
334
420
284
281
307
320
288
281
281
285
361
282
295
283
325
281
339
295
394
288
299
320
298
285
316
421
283
284
316
437
323
347
285
302
282
346
315
295
2569
315
360
292
295
290
343
298
281
302
294
330
297
281
292
288
353
313
281
292
373
317
287
313
292
324
300
325
278
296
297
280
279
301
347
321
296
288
332
293
314
300
315
285
296
296
335
289
320
318
281
287
294
307
356
279
282
328
312
293
294
293
333
292
284
303
378
283
359
310
282
286
298
323
397
288
284
303
290
291
371
306
284
290
299
297
306
287
327
334
288
320
331
316
288
290
369
288
374
300
330
290
281
311
317
288
394
290
285
309
392
296
282
357
300
323
309
302
283
295
329
357
315
330
281
298
310
310
280
411
354
285
392
304
290
307
329
282
346
323
311
305
326
280
335
290
320
390
294
299
279
311
290
281
325
287
348
294
310
407
282
334
316
288
328
284
291
308
304
282
306
288
282
303
324
284
288
374
289
284
302
283
289
308
276
323
294
305
291
285
296
288
281
371
283
294
297
420
291
294
375
291
341
279
285
299
286
289
306
289
279
302
293
283
287
356
290
286
354
303
289
328
289
293
325
306
286
321
301
286
289
301
288
282
299
293
280
362
280
293
347
285
290
319
316
333
300
294
280
354
318
285
378
281
285
356
324
295
319
284
290
316
290
297
315
286
327
280
302
285
297
306
297
323
285
372
290
283
296
295
286
309
285
280
306
297
287
298
281
337
311
282
289
306
294
281
342
337
283
280
304
296
283
284
380
284
282
291
312
301
296
288
336
319
279
296
398
283
283
353
285
286
296
327
300
298
293
284
381
286
280
318
336
280
288
291
284
287
324
291
282
315
283
282
287
285
302
288
279
279
353
294
284
312
325
288
280
302
294
291
338
308
298
331
297
321
315
328
298
328
285
282
309
308
279
280
360
290
298
334
291
283
322
314
281
320
337
283
281
298
328
288
280
369
347
285
302
315
309
280
323
283
294
325
278
299
303
362
283
277
320
325
287
287
286
301
280
292
286
312
277
276
416
342
279
296
322
331
278
317
1369
283
276
328
343
278
277
289
289
273
276
284
288
275
280
348
279
276
305
320
279
287
318
293
288
293
299
297
297
297
283
291
283
291
285
304
300
312
314
291
296
283
283
303
306
295
281
326
280
297
280
297
283
281
280
311
331
275
285
293
314
279
305
280
279
384
292
304
294
286
286
355
281
289
335
280
278
305
321
300
307
345
809
281
480
289
280
346
333
306
280
285
289
323
291
278
308
370
286
282
340
290
279
321
297
313
286
331
302
309
290
308
322
1203
279
296
312
281
292
300
302
314
350
322
300
279
287
347
317
329
288
355
326
310
370
303
286
281
367
280
292
291
307
300
277
298
322
318
281
297
315
288
310
295
291
351
339
282
695
295
347
327
277
309
318
290
294
351
289
287
298
394
320
300
298
277
296
303
327
310
281
355
297
327
280
319
344
279
313
307
293
295
404
279
295
426
288
280
305
345
298
282
409
290
286
392
284
309
309
331
296
281
449
292
299
308
298
295
292
309
299
288
312
430
282
291
324
295
277
362
394
288
297
301
281
358
295
285
329
302
287
292
313
342
320
283
403
373
282
291
350
285
295
303
282
295
350
285
301
292
307
396
300
288
401
292
288
323
372
292
306
325
296
1499
305
338
288
288
287
333
284
287
385
289
285
339
292
309
313
305
286
292
303
311
473
306
289
344
304
315
294
313
289
335
328
321
317
287
299
330
288
312
328
288
325
299
355
304
281
338
280
312
334
300
320
301
398
277
298
284
295
351
295
313
347
295
300
364
299
2584
346
303
299
286
310
315
282
378
289
299
291
338
388
278
282
281
379
383
290
305
305
301
300
286
337
295
289
292
332
286
285
368
287
299
282
330
278
319
299
310
294
300
280
321
279
291
356
289
275
288
317
290
318
291
312
288
281
323
307
290
281
387
279
296
303
297
291
328
296
372
280
280
307
290
288
300
449
295
296
290
313
285
283
302
286
284
287
326
363
288
293
304
310
294
295
318
289
291
295
293
291
308
390
292
303
340
315
291
301
390
297
280
386
298
290
385
278
282
291
285
294
373
313
286
433
325
286
320
300
286
342
323
321
323
368
304
288
378
296
279
331
301
293
309
386
283
287
346
290
315
317
290
271
379
285
280
362
340
293
295
304
318
298
283
315
372
291
281
349
343
277
282
290
326
288
446
285
291
358
280
316
304
309
275
359
297
291
326
334
288
385
294
320
291
410
291
291
362
317
304
284
356
299
310
276
289
356
433
277
295
329
280
286
308
291
326
339
286
304
329
296
281
289
307
315
353
296
309
303
855
295
330
306
287
360
281
332
322
307
288
324
278
320
293
305
277
303
287
290
332
309
299
305
431
291
293
282
329
360
289
323
328
282
317
317
298
279
328
349
330
285
375
301
302
281
280
356
300
292
326
304
457
367
297
300
306
295
296
277
368
280
296
357
310
281
280
279
402
315
296
491
359
287
291
387
301
293
271
325
282
290
357
296
278
390
280
301
343
388
288
288
332
278
432
288
304
293
289
318
323
307
331
296
280
355
292
280
336
292
295
278
312
291
300
298
303
303
301
290
285
326
361
318
283
295
373
605
282
315
341
277
291
307
286
286
305
288
288
298
325
332
282
278
291
297
366
284
277
301
284
315
369
323
284
335
300
278
282
305
303
283
387
293
283
387
337
286
284
336
292
291
316
318
279
335
297
296
364
318
348
349
284
2819
289
286
287
314
412
288
290
341
308
288
296
309
295
314
316
291
281
287
331
279
288
318
294
279
307
357
283
290
298
325
302
306
283
299
292
308
280
288
332
338
353
290
293
340
290
324
285
347
295
309
285
279
306
293
285
293
324
285
288
300
280
291
289
300
294
287
288
276
287
323
277
337
298
285
278
310
331
283
291
319
296
321
278
294
329
295
287
295
306
301
294
282
307
306
295
284
284
283
288
308
281
302
296
286
290
303
315
290
319
298
297
284
283
288
341
284
296
307
285
344
300
287
292
322
289
288
293
335
286
290
296
303
293
284
283
287
313
290
308
293
296
281
308
309
278
292
314
281
296
324
282
305
289
284
292
304
294
281
288
288
282
300
296
287
291
2596
299
311
315
2595
302
417
319
465
359
324
600
345
313
285
290
362
334
290
307
296
305
316
290
311
315
372
287
279
285
291
324
334
291
291
285
303
326
379
288
301
280
331
350
276
328
288
285
302
298
280
309
290
343
329
305
313
276
291
347
274
303
287
293
300
284
319
339
336
314
287
363
300
300
285
321
300
303
287
325
299
286
292
349
276
294
341
283
291
341
321
295
295
279
348
286
288
340
351
263
299
311
305
298
317
290
284
309
290
310
312
289
338
362
279
317
287
344
305
288
308
330
285
279
326
360
317
279
315
348
291
291
322
296
331
300
369
302
292
307
301
294
304
299
348
308
286
296
368
324
337
284
282
366
341
287
351
331
284
349
301
287
329
308
293
281
300
299
305
362
288
285
346
282
287
363
417
291
288
310
289
284
365
285
288
328
351
321
324
355
290
293
324
343
286
385
321
308
335
307
287
349
333
294
315
338
287
299
326
295
333
301
398
284
279
330
407
289
401
339
300
322
319
347
311
309
328
375
357
283
302
310
347
296
292
285
449
283
296
304
284
350
294
307
307
290
294
295
281
365
332
316
321
316
311
355
284
318
304
334
287
395
282
314
376
296
280
370
315
288
302
302
287
345
288
291
352
287
297
316
303
387
299
299
355
301
295
366
320
359
287
301
325
290
311
341
286
306
286
327
276
311
356
292
279
317
367
286
294
339
285
321
282
332
328
315
300
306
301
281
325
344
296
315
334
287
320
332
378
301
283
308
329
290
286
328
324
297
346
309
320
294
314
319
282
287
317
301
310
298
297
282
343
321
287
301
315
334
281
326
287
318
300
320
314
293
297
316
324
299
300
338
289
308
298
329
313
304
287
294
312
319
313
281
331
325
317
375
377
294
294
309
284
342
323
325
320
288
337
275
291
303
281
333
285
312
295
349
305
283
314
285
316
313
302
305
280
342
298
305
302
450
286
291
323
278
323
312
311
336
302
289
362
299
287
301
286
374
289
297
328
340
276
341
299
284
310
317
320
311
326
300
301
389
334
303
323
303
333
294
334
343
303
286
353
331
292
288
307
308
303
292
318
282
312
279
319
333
293
290
295
335
336
283
299
337
310
283
352
317
312
294
301
324
304
285
299
313
288
291
292
317
278
289
331
282
305
499
331
287
291
308
341
291
286
320
299
286
2849
339
329
291
310
326
322
284
314
323
291
284
318
314
296
307
322
303
281
340
328
315
307
364
287
277
342
300
293
336
298
289
299
304
295
283
339
353
293
360
343
305
293
312
284
286
331
328
279
282
283
319
1208
303
284
320
298
286
309
286
334
301
277
277
352
303
279
324
374
301
285
332
285
280
325
295
275
292
303
304
281
326
371
295
287
372
287
288
332
317
280
283
317
287
309
304
365
277
284
300
371
278
288
350
323
277
289
318
279
325
309
281
1409
317
289
280
347
303
288
305
319
276
326
299
319
293
287
303
359
292
299
312
286
281
325
319
286
312
281
298
275
372
347
276
309
370
295
280
331
323
299
305
288
296
284
312
309
311
320
296
286
299
324
319
423
304
323
332
295
332
276
312
297
297
297
273
293
302
345
287
305
315
290
284
307
358
277
279
307
311
275
295
327
285
280
789
280
272
320
545
289
340
286
326
569
286
355
332
282
392
2773
272
284
2803
311
331
299
347
683
292
308
289
306
350
286
317
304
290
285
314
524
292
286
312
1140
287
550
352
312
288
347
287
293
315
317
290
562
311
355
319
700
286
413
295
698
288
567
297
521
285
333
301
292
314
352
287
302
391
619
319
341
289
354
459
283
291
2797
285
283
383
291
280
404
287
567
305
287
301
288
358
296
548
304
294
292
291
329
299
305
308
281
334
294
297
299
582
306
283
376
443
559
305
632
409
351
318
313
1517
314
308
296
294
309
289
1619
311
293
341
308
302
293
312
304
290
283
288
294
351
394
341
292
327
307
338
318
346
282
320
302
289
291
323
416
287
299
332
295
307
287
290
310
295
308
310
344
283
315
299
330
311
288
322
307
332
296
346
296
298
307
293
307
288
311
291
299
299
300
306
285
293
307
308
304
299
323
290
285
290
346
308
295
347
327
284
349
279
308
311
356
284
300
314
341
310
368
308
281
284
290
317
301
305
312
285
309
291
315
302
301
329
281
286
344
374
347
306
319
297
289
309
299
327
330
280
305
309
283
288
285
388
292
333
284
327
285
287
361
327
282
347
311
310
278
299
392
285
307
306
285
288
281
346
318
306
334
319
293
301
328
298
417
310
339
297
293
357
308
306
428
321
303
288
307
281
317
336
290
289
316
300
317
299
283
315
294
296
306
299
298
458
327
302
279
562
305
280
312
306
309
282
297
305
283
294
435
343
301
297
299
289
562
300
325
284
311
300
310
321
318
289
356
304
281
284
318
288
283
303
294
277
301
357
283
286
322
283
347
313
289
372
294
279
296
307
281
343
298
328
303
294
296
305
325
313
361
279
379
296
278
313
287
293
280
373
281
311
367
308
582
301
352
309
290
312
295
287
279
345
284
278
436
305
295
301
281
318
284
290
287
314
299
280
384
288
278
327
282
281
353
280
279
324
317
286
329
280
336
320
290
298
307
286
280
329
285
286
275
288
285
279
287
278
291
292
288
278
305
283
286
276
898
274
278
351
294
277
277
291
282
290
325
278
279
297
285
290
319
278
281
301
314
291
280
278
288
370
281
280
282
1177
278
280
325
289
308
293
281
281
282
338
281
276
284
309
283
279
300
290
286
278
302
295
325
289
1496
314
338
278
281
282
297
282
298
314
305
314
1810
280
286
289
374
278
285
306
292
280
278
309
319
316
1969
296
279
325
354
277
299
292
332
310
276
347
291
287
303
290
315
327
276
286
284
290
310
277
285
297
289
278
277
291
348
276
275
307
354
284
276
293
320
284
278
285
284
308
288
281
282
344
296
283
288
289
280
284
321
293
285
321
280
279
286
282
285
296
286
305
291
282
288
316
288
283
287
286
281
279
302
319
291
327
297
287
329
287
285
302
283
288
310
290
294
294
288
345
331
284
333
296
297
294
286
291
293
397
338
293
289
281
354
295
287
310
300
323
294
298
287
309
333
293
298
290
311
287
288
280
399
286
277
279
388
346
283
308
342
283
286
317
372
283
297
289
317
284
321
284
350
303
293
293
283
296
285
310
286
325
305
289
284
318
298
282
283
295
342
285
300
350
313
283
440
283
301
297
289
285
343
327
291
285
345
286
312
301
286
299
294
343
287
324
297
287
301
287
352
300
301
283
331
299
321
373
279
306
344
298
280
291
287
281
397
346
281
293
282
289
352
289
288
301
289
297
282
334
288
286
380
298
286
390
319
288
305
287
295
345
298
324
294
320
300
305
287
376
289
297
313
303
325
311
295
314
290
325
294
287
300
336
285
332
317
282
322
298
281
333
311
317
324
294
293
326
300
290
284
318
294
286
284
332
287
298
293
369
293
298
323
304
281
294
385
281
286
292
346
285
285
325
311
283
328
290
284
313
285
287
396
281
326
325
282
359
287
361
286
294
342
281
293
284
396
292
334
294
374
305
282
300
285
299
281
375
336
281
305
311
322
298
284
456
280
299
314
348
284
282
352
281
303
347
281
311
309
351
281
340
318
300
280
324
315
280
396
283
291
288
344
315
281
380
281
280
287
328
305
286
297
366
304
286
282
307
286
360
292
282
369
284
278
295
355
327
283
396
304
281
315
358
292
286
394
280
286
312
352
290
314
302
294
311
286
325
291
284
306
281
289
299
285
293
293
300
339
280
318
300
278
298
285
317
289
351
290
307
289
310
278
336
326
304
322
291
308
284
280
417
294
282
318
313
326
302
284
334
292
337
309
288
302
318
294
291
325
301
307
325
312
286
314
298
284
311
329
300
288
322
402
285
313
318
292
291
290
303
285
309
310
326
287
306
321
290
350
279
286
290
306
295
353
389
293
295
288
300
290
291
324
340
304
289
295
286
309
308
292
284
337
282
321
355
311
346
283
344
301
296
291
314
327
285
328
287
294
340
289
287
284
306
335
289
330
287
329
375
332
281
303
310
281
303
288
291
295
384
289
289
317
283
289
298
280
310
292
334
309
326
283
296
318
282
284
336
282
308
296
296
284
302
289
288
304
281
284
383
286
298
327
281
308
322
309
282
325
305
289
299
284
300
325
347
355
284
337
286
348
330
288
349
350
285
326
369
328
300
350
287
299
325
282
288
299
305
283
298
350
279
334
319
285
309
329
286
291
305
327
288
335
282
290
284
305
311
281
317
281
297
330
306
326
323
341
282
371
293
276
313
295
316
282
326
353
282
282
292
294
319
320
285
295
318
276
385
280
293
341
291
280
285
349
283
322
301
280
1317
282
293
300
281
391
283
335
322
289
427
293
308
289
281
366
281
289
295
282
384
279
286
311
285
289
315
291
300
286
311
302
285
329
281
290
316
288
362
291
286
339
283
301
317
282
289
328
283
283
328
280
315
342
282
311
299
357
306
295
286
322
300
306
283
298
282
285
343
279
336
285
281
343
281
298
319
285
297
319
288
347
309
280
359
302
296
316
282
321
284
306
1820
285
292
316
288
287
283
291
292
281
292
286
285
281
358
282
280
293
289
278
315
291
291
281
288
280
291
277
290
325
282
281
281
370
278
351
284
279
311
286
291
278
290
288
293
344
290
297
345
326
282
388
282
304
309
288
307
288
276
282
286
357
281
342
308
412
416
308
311
305
281
309
428
288
318
294
343
285
489
286
281
462
282
277
401
287
303
353
280
331
309
369
292
277
297
281
390
289
314
297
315
277
345
295
298
337
303
326
303
356
315
280
313
279
283
365
287
288
283
298
301
288
294
275
430
305
283
291
340
278
284
347
350
286
308
280
279
356
291
288
288
294
290
282
394
320
371
287
289
289
284
400
315
281
407
277
283
377
277
286
329
283
305
309
360
284
393
297
282
278
333
283
325
339
289
392
285
287
397
299
303
286
280
435
283
403
308
279
360
288
276
314
325
380
288
297
285
393
307
279
284
335
284
288
351
343
283
388
290
283
314
326
315
322
295
359
291
284
293
324
375
323
305
278
368
311
283
408
306
280
489
310
333
283
300
305
281
357
320
380
287
305
291
303
306
287
407
319
327
293
441
302
334
367
282
338
279
283
315
290
296
309
281
290
382
280
280
299
313
456
297
285
397
297
302
279
314
294
306
346
318
436
285
315
338
282
286
361
459
290
294
295
310
291
374
290
285
353
311
287
300
276
292
306
282
436
291
291
325
457
299
289
383
300
300
296
399
295
332
324
308
326
480
290
306
284
322
289
332
302
325
294
341
277
304
301
327
425
308
322
433
335
461
333
455
302
293
424
312
348
402
455
333
303
279
361
306
279
309
394
283
361
277
360
304
296
342
316
341
291
347
480
347
348
324
5630
1878
351
292
360
592
307
317
1113
320
3067
314
312
347
283
316
279
562
594
2592
346
281
307
379
594
303
2567
274
285
283
293
378
292
283
293
691
286
312
293
411
310
394
294
298
2806
280
489
404
302
328
470
284
355
572
301
344
299
476
395
292
286
410
279
300
293
285
455
292
501
340
304
326
336
292
302
358
348
283
409
349
289
369
280
314
308
313
299
324
337
297
297
311
295
331
335
294
321
313
290
337
291
301
438
295
297
1827
314
541
285
305
292
288
310
491
275
285
336
286
2551
567
322
564
300
2565
299
418
295
2828
422
332
294
621
317
355
479
2872
314
353
331
1924
373
307
347
3191
331
319
424
896
335
288
310
511
313
2935
280
866
381
401
306
300
391
309
319
317
296
318
301
290
321
295
354
301
324
294
306
299
329
374
352
2579
371
365
305
286
428
303
400
360
332
327
2963
398
318
300
418
312
320
291
320
403
330
329
688
315
365
382
357
286
358
381
2785
292
296
302
304
371
290
290
279
308
590
301
293
288
353
444
295
2559
287
361
316
346
342
293
356
293
322
353
352
281
321
331
519
312
334
306
303
326
333
279
305
383
325
328
290
283
394
386
284
309
486
321
298
297
380
309
417
284
316
495
287
286
318
417
303
330
298
286
284
316
353
309
339
289
311
282
311
286
289
386
284
300
284
419
328
335
289
324
279
359
371
293
301
315
300
284
295
306
282
309
419
296
347
331
293
303
279
338
291
299
380
291
287
425
317
303
283
457
359
283
463
322
293
461
346
277
485
297
284
402
328
280
445
312
275
305
341
291
302
503
313
285
395
309
284
436
330
289
352
300
288
299
277
291
323
317
286
309
2154
286
296
332
299
274
303
341
281
279
313
278
364
295
293
3143
275
301
273
371
282
299
347
306
280
304
328
279
277
335
302
376
276
302
290
346
278
361
312
277
382
285
317
283
370
293
286
381
347
310
278
376
299
317
309
387
299
299
280
301
396
341
281
315
304
292
356
307
317
287
306
391
305
394
312
327
282
366
330
297
330
424
305
290
380
296
291
286
412
292
296
374
321
317
294
338
315
282
454
317
294
323
305
321
289
377
328
1486
307
338
308
282
390
287
299
303
402
292
296
286
417
313
325
281
389
304
317
283
392
290
286
308
401
323
283
297
389
321
285
325
417
303
283
290
295
313
297
295
441
314
296
284
388
300
309
286
431
326
314
285
408
311
317
282
399
306
300
283
387
293
327
286
384
300
285
317
291
377
288
326
382
327
300
314
352
333
304
311
361
290
295
299
395
288
297
320
431
298
297
306
411
287
298
348
390
293
322
322
313
287
284
292
324
302
280
283
305
382
290
280
285
302
282
324
300
289
300
295
289
281
283
287
311
287
281
285
294
295
283
316
304
284
327
286
292
293
288
428
319
310
318
315
341
286
315
306
318
317
296
318
334
285
294
291
317
363
315
287
279
297
296
344
286
288
299
284
290
299
287
299
288
282
347
289
301
324
287
392
284
285
296
322
414
278
306
322
289
349
278
302
296
281
424
282
282
293
331
297
321
301
298
278
422
300
284
289
285
368
299
321
286
290
329
291
284
403
289
284
303
355
304
292
396
305
342
284
287
334
390
293
292
303
397
335
279
388
336
319
281
326
361
324
334
286
309
330
389
282
306
327
298
384
311
281
336
277
303
280
373
312
283
271
348
292
312
277
379
287
283
367
365
356
280
280
361
369
289
356
338
365
275
289
375
325
276
362
382
340
288
411
360
331
322
324
378
294
389
464
297
277
392
315
570
294
315
446
319
363
340
474
355
330
512
423
297
287
314
467
326
284
431
305
397
675
289
319
357
456
319
322
315
493
317
289
642
349
333
306
292
464
339
297
311
492
301
302
302
309
324
315
306
302
362
330
390
516
312
311
384
444
459
353
369
350
318
315
320
375
321
2616
455
596
495
456
592
494
457
401
448
463
509
452
577
442
454
448
600
408
301
411
303
284
289
313
295
463
297
297
500
291
309
315
299
309
302
486
290
403
296
290
288
304
567
297
299
424
518
304
297
336
301
331
400
417
306
289
291
394
329
308
292
322
327
574
288
316
299
513
1751
300
394
323
404
318
320
352
401
299
293
302
421
285
294
299
468
290
318
292
481
356
299
306
443
293
289
304
462
341
284
331
483
339
282
288
439
308
314
426
443
284
319
306
322
299
292
592
344
311
300
403
290
294
342
575
326
398
283
390
375
281
309
571
378
299
581
519
380
301
338
495
298
304
331
294
314
357
471
289
312
312
501
281
286
409
297
293
314
462
303
322
285
502
307
276
304
519
311
407
297
291
276
560
346
386
649
317
409
344
284
336
355
354
284
319
292
290
314
440
302
271
426
317
323
455
386
309
273
304
391
285
344
336
363
312
355
338
686
492
277
323
402
308
360
353
415
283
364
448
460
345
415
276
315
320
491
287
431
357
519
305
374
306
398
433
287
322
295
318
285
299
391
379
324
279
524
448
281
313
490
404
304
309
452
596
276
317
302
369
301
300
301
390
308
436
468
380
509
277
379
347
300
435
305
369
304
282
437
293
403
294
380
311
311
293
301
325
350
312
367
462
306
289
391
595
351
322
304
326
302
337
318
354
421
308
282
361
481
301
283
419
371
284
327
285
315
278
276
341
290
288
355
280
309
297
290
373
296
294
290
344
368
309
349
323
352
364
292
326
366
283
353
301
505
431
350
335
284
446
454
343
279
460
291
299
341
313
284
321
468
343
280
315
483
395
279
281
425
297
419
321
380
290
281
370
344
306
387
351
297
319
277
342
293
350
352
343
282
292
442
355
284
317
490
305
631
275
377
284
474
283
358
480
356
286
409
349
311
367
367
354
273
324
335
509
292
273
404
326
276
374
512
317
304
466
407
406
286
403
309
312
310
460
288
300
296
602
293
283
290
666
281
285
307
324
338
307
335
454
282
295
387
308
380
322
442
434
309
374
458
283
311
412
314
277
356
330
301
474
298
467
282
310
280
487
337
296
380
286
281
470
288
304
281
492
276
293
356
1888
311
370
312
288
277
315
407
302
329
362
310
275
829
370
329
285
653
339
292
282
366
386
280
358
278
379
280
318
382
298
370
290
447
285
284
437
290
347
292
291
468
427
281
293
425
287
286
316
369
454
286
299
396
620
274
279
479
319
279
397
460
288
324
403
311
442
388
290
431
430
330
455
411
328
295
415
290
454
433
341
280
406
291
422
378
482
385
444
324
350
393
278
426
479
279
310
371
297
277
343
425
288
302
491
430
279
288
487
346
280
357
477
286
469
430
313
384
384
296
364
409
466
284
455
464
291
369
422
351
328
295
624
284
279
300
365
363
375
307
291
372
301
286
434
346
317
409
279
366
312
279
427
409
486
357
445
281
332
345
288
421
414
310
397
329
594
282
313
417
320
296
405
280
419
291
466
393
323
410
449
420
280
470
369
384
325
314
358
279
298
299
380
290
347
467
311
304
387
350
280
377
327
390
426
298
374
495
285
349
290
354
277
346
419
279
293
459
505
403
335
475
287
408
360
375
367
466
439
329
490
366
325
407
408
343
408
284
314
469
296
466
413
278
370
387
301
417
457
277
392
383
299
410
355
323
321
329
352
278
454
291
341
311
421
308
503
353
307
427
289
352
459
280
284
470
282
381
425
297
285
391
279
317
446
304
287
390
365
306
378
304
281
315
421
297
341
344
290
292
330
338
367
430
339
284
286
304
299
279
373
333
355
287
303
291
387
308
355
281
427
295
290
625
318
309
282
299
296
280
589
332
377
282
389
311
286
295
415
391
294
348
283
338
351
293
447
309
280
446
322
287
352
334
434
317
440
302
280
286
334
337
361
473
319
283
454
322
288
373
377
309
340
350
325
286
361
370
382
372
287
359
384
394
338
284
414
436
295
328
312
500
282
397
346
296
354
294
312
397
314
287
386
445
287
284
317
300
289
405
281
281
288
346
285
281
466
484
278
279
347
510
289
323
353
382
319
311
289
402
420
285
276
390
576
279
331
383
426
282
335
376
284
336
486
279
283
311
300
290
383
380
282
450
285
283
441
351
280
281
294
370
278
424
306
366
335
361
284
364
352
287
296
477
307
279
442
477
282
364
317
385
371
317
293
313
353
358
297
487
318
280
309
477
306
288
370
409
282
281
390
490
282
305
319
335
283
303
372
329
300
283
413
282
302
321
347
346
282
313
341
327
280
425
405
282
280
485
371
281
280
330
285
283
468
328
283
303
335
312
304
483
299
287
410
387
291
285
421
400
283
348
507
294
278
365
287
293
435
448
284
400
435
289
384
290
436
284
375
374
311
277
299
303
282
317
479
286
297
313
286
281
294
452
282
319
284
363
334
338
301
315
286
280
314
290
411
304
295
456
323
322
509
282
379
343
427
420
305
306
412
293
334
284
501
392
345
290
327
345
291
355
333
474
304
500
311
296
449
315
308
311
438
315
281
476
307
407
576
376
313
446
425
297
450
321
358
415
320
302
501
302
292
395
374
309
477
347
329
458
294
289
507
323
293
429
311
315
400
424
345
411
404
314
387
332
299
488
302
303
2597
2558
331
288
312
505
321
320
322
292
284
464
319
297
290
379
355
284
286
305
294
348
474
323
286
298
336
345
346
309
311
291
303
301
283
294
302
281
371
298
331
289
306
283
300
347
354
371
316
363
360
289
298
281
441
280
285
353
283
525
291
313
290
385
331
311
286
333
391
336
292
342
325
400
289
376
391
286
375
283
389
329
276
282
321
459
295
297
364
374
305
307
329
412
290
284
316
404
335
408
280
355
282
357
287
365
289
282
287
469
289
283
386
388
359
308
307
343
402
295
285
306
410
290
361
280
325
398
297
633
329
293
312
414
359
288
339
411
283
296
314
344
282
281
308
313
301
302
326
477
311
293
363
365
307
322
294
314
483
300
306
282
424
392
322
303
299
324
293
420
299
279
295
333
511
284
304
306
507
333
315
395
504
294
341
328
385
299
428
365
284
461
327
311
325
350
369
281
411
360
316
287
289
383
342
292
401
331
283
382
685
309
282
326
318
396
287
297
295
292
284
1900
321
311
335
400
348
287
358
364
298
347
333
329
306
337
396
327
2646
429
588
283
572
614
389
591
309
402
346
344
435
418
315
646
418
2790
491
405
357
303
507
291
465
310
401
311
321
425
470
590
282
442
311
313
449
316
308
444
660
290
309
362
278
294
351
516
305
303
300
436
306
284
465
300
292
320
352
286
339
487
298
293
399
309
470
335
355
346
304
321
367
431
345
493
332
337
389
273
365
325
297
410
519
326
409
309
515
306
287
324
421
316
308
300
517
299
285
402
383
294
324
441
319
283
502
283
278
308
328
383
309
346
431
280
309
276
716
286
283
284
392
300
322
280
377
333
283
327
576
366
285
422
307
284
356
381
363
357
314
297
350
288
376
291
324
291
306
283
310
447
319
338
312
458
294
334
297
328
313
322
320
317
335
407
352
318
297
466
282
279
2621
444
300
323
525
283
290
302
376
306
305
293
493
307
284
422
296
311
318
498
312
306
295
309
311
310
368
307
285
343
332
460
337
317
315
317
293
340
323
294
322
323
305
330
300
580
292
359
319
296
352
309
281
414
302
296
518
311
313
304
299
300
307
327
329
293
303
313
298
312
2626
340
318
2594
397
298
308
307
361
332
458
338
603
300
410
301
482
288
400
345
449
288
340
279
473
285
306
283
305
314
315
449
358
322
301
322
332
312
324
302
323
430
473
385
349
385
319
567
324
346
384
280
416
409
282
296
343
343
296
591
308
290
326
322
315
330
376
322
498
366
302
277
833
300
323
357
349
365
280
361
512
297
300
336
595
313
285
351
457
363
297
859
437
303
384
301
407
445
451
335
284
356
473
311
290
567
325
322
473
387
288
666
362
289
331
377
638
324
320
296
304
291
285
309
291
512
307
320
348
290
385
925
311
334
934
614
292
310
646
312
304
453
316
402
587
304
290
293
418
299
293
307
403
465
304
457
2625
291
323
457
394
389
394
430
441
592
459
3019
428
505
732
467
419
506
564
392
327
466
423
486
411
452
462
870
385
440
420
474
427
439
498
576
612
451
493
370
637
383
467
467
525
440
402
501
421
460
316
388
439
464
473
524
475
412
605
397
441
425
517
412
498
390
397
565
323
451
479
408
454
392
436
383
424
467
393
290
300
444
314
338
356
306
459
295
292
447
295
602
367
297
378
463
307
427
302
283
396
305
279
580
2821
1789
2766
2895
278
291
418
316
441
348
316
451
302
462
413
306
366
279
598
504
289
303
386
318
439
469
302
467
417
283
597
425
304
306
344
329
296
458
418
346
339
282
360
314
292
280
430
661
318
326
432
392
325
322
343
288
358
470
277
286
401
396
296
314
386
289
281
294
307
372
287
287
335
331
455
292
301
273
404
292
367
276
375
276
318
398
325
288
302
281
293
369
277
427
338
288
281
307
286
435
313
308
286
346
417
306
445
283
277
424
434
298
334
286
308
450
320
288
284
294
350
296
332
281
285
412
345
316
2592
313
347
460
417
335
311
280
364
392
275
308
294
396
344
304
281
336
390
306
403
339
292
468
281
454
302
410
295
280
362
357
288
286
288
428
465
295
307
622
280
298
311
361
295
298
481
1770
336
458
301
325
562
463
287
307
440
415
328
299
430
288
421
307
479
289
351
297
354
306
320
304
2901
299
296
321
424
418
349
287
514
302
302
301
331
372
444
419
309
366
309
335
954
407
290
417
295
318
518
462
301
334
315
283
296
323
388
459
291
285
449
314
280
299
287
318
281
404
314
313
289
284
311
958
3024
296
317
450
337
291
313
302
295
296
338
286
2488
436
288
287
470
285
277
442
300
329
303
307
386
399
373
285
334
338
331
287
289
281
470
315
283
376
403
284
297
283
335
299
300
289
412
292
403
281
286
287
474
321
302
301
511
329
355
310
472
287
478
283
348
280
417
388
373
299
491
298
349
279
494
309
312
352
483
350
299
281
488
296
403
298
347
583
287
301
324
293
489
287
358
369
458
282
483
305
445
442
300
316
296
454
326
393
287
418
287
347
282
364
474
479
394
321
317
581
326
519
325
610
317
296
289
354
475
310
471
334
623
306
321
294
309
426
336
1794
302
585
292
315
395
391
352
301
499
433
332
329
417
291
282
298
376
308
300
462
324
384
297
310
600
281
401
384
282
362
306
393
311
314
426
491
289
463
307
479
561
1120
348
279
503
437
279
314
288
291
576
295
280
302
343
282
452
304
376
332
318
291
321
310
281
292
296
426
303
362
363
292
314
283
300
317
287
376
301
388
394
290
412
285
288
436
297
294
317
306
485
279
284
326
281
398
304
280
274
418
306
305
272
402
393
309
305
276
356
354
278
338
337
281
290
414
280
275
364
290
280
331
369
322
385
317
287
290
335
347
288
286
381
367
375
277
393
418
278
275
320
394
284
337
326
292
277
279
280
459
284
317
314
280
272
381
277
277
432
353
280
273
360
356
308
363
452
332
378
318
488
282
466
373
285
285
284
351
279
298
299
328
338
273
418
416
293
412
287
443
389
279
1163
436
363
286
420
332
295
378
281
389
408
280
417
435
296
280
474
353
298
392
426
296
305
403
306
1814
488
287
322
485
279
298
476
465
279
727
297
306
512
284
362
461
373
307
518
379
441
368
336
364
367
452
313
315
500
388
314
313
451
321
316
333
388
343
312
343
476
366
334
325
345
456
340
313
330
388
325
356
345
382
367
337
344
391
392
322
346
312
318
314
327
348
348
363
356
369
428
352
323
314
289
280
435
299
287
471
312
284
342
329
367
336
358
278
439
352
295
323
458
389
310
454
299
282
279
390
279
327
319
300
299
328
329
320
327
291
337
365
333
316
