186
184
287
286
186
262
280
263
205
197
354
259
227
193
300
207
258
255
183
282
234
185
185
236
181
180
184
240
183
200
243
253
194
181
259
194
191
201
199
201
181
181
255
214
184
211
282
184
188
255
281
189
184
282
194
193
269
274
234
181
291
230
183
180
243
270
185
198
255
202
186
183
213
455
187
187
182
391
272
186
185
234
274
233
186
182
264
189
187
181
257
245
194
189
186
181
271
200
295
201
202
191
263
261
247
196
194
181
264
234
292
191
201
198
191
209
271
292
207
200
197
196
235
297
253
185
251
187
189
262
274
195
193
208
258
203
263
250
226
213
198
194
264
200
264
206
238
271
190
229
291
207
249
191
194
198
700
209
207
201
207
252
188
198
193
236
282
192
256
197
279
197
319
287
194
191
239
250
192
267
270
268
243
228
312
251
246
202
244
271
203
211
210
212
190
190
203
274
201
190
289
272
202
203
295
194
193
351
212
203
213
267
262
245
288
205
196
272
208
262
291
391
272
235
296
190
208
264
286
206
188
302
229
186
290
206
231
299
208
202
210
238
204
208
244
276
280
255
212
251
204
196
234
199
269
200
243
252
207
213
233
187
211
188
263
178
250
210
184
187
281
186
179
266
200
194
197
213
231
208
204
239
263
176
190
190
183
261
190
176
195
236
190
230
209
268
180
193
257
259
243
180
241
208
194
200
192
260
181
202
178
295
270
190
198
203
183
206
275
204
182
244
235
236
200
196
260
208
261
195
195
229
275
195
231
238
194
194
268
203
192
260
245
195
184
189
213
244
190
186
253
197
244
199
238
304
207
251
244
186
235
301
205
200
195
301
192
210
188
206
294
262
246
237
203
209
259
199
264
198
204
249
193
248
185
194
288
192
239
186
213
263
279
190
205
253
183
247
175
351
198
200
213
179
240
249
194
259
251
270
208
174
279
182
236
201
183
195
289
202
193
335
199
193
270
241
250
194
270
194
200
294
194
202
193
282
183
186
270
202
205
186
252
184
182
211
192
188
292
184
248
202
205
202
294
183
273
249
189
182
209
276
188
195
245
296
177
190
277
188
188
319
245
191
201
234
207
182
247
236
193
187
191
283
186
241
211
213
185
191
297
184
188
333
200
185
188
256
237
195
204
234
198
189
192
251
185
237
209
192
249
181
198
258
186
207
245
189
203
258
240
242
249
189
209
206
188
255
182
201
254
193
178
253
210
229
228
182
288
186
184
286
186
283
182
253
272
185
193
207
208
182
260
241
263
245
183
281
283
238
272
326
212
251
227
211
197
202
259
189
275
249
195
270
208
207
188
273
256
184
200
277
267
198
198
251
184
255
310
238
237
226
188
245
212
205
259
195
204
241
282
191
186
201
256
211
266
249
188
180
256
192
193
226
204
194
238
200
267
274
203
255
207
241
241
264
225
289
204
198
256
274
198
189
261
211
279
255
262
272
239
210
247
200
239
211
242
204
240
193
203
249
242
184
251
206
208
234
257
263
244
209
288
232
204
201
274
237
238
190
200
212
183
175
287
187
188
176
230
192
213
179
236
233
208
178
187
270
188
179
210
186
209
181
204
196
244
200
183
278
189
188
233
194
232
237
238
239
196
251
232
248
253
269
212
193
205
188
198
210
212
191
185
213
271
268
190
211
194
184
209
277
202
188
199
211
196
213
254
255
181
267
255
231
195
204
188
188
276
269
243
187
249
202
187
204
212
199
263
183
205
266
252
191
184
233
182
237
268
207
190
231
186
238
262
241
205
194
237
249
182
192
243
237
189
193
188
182
259
235
204
204
209
239
179
210
249
199
195
187
242
181
206
192
183
188
250
208
182
264
213
185
203
209
181
207
238
191
230
246
180
188
190
237
191
190
212
184
202
202
278
211
261
235
184
242
200
189
181
243
207
197
180
192
195
251
183
209
245
182
237
260
250
181
190
208
258
213
213
190
280
241
193
190
256
208
202
247
234
229
184
199
285
182
278
242
205
261
276
229
209
246
227
257
233
192
256
276
196
190
269
186
184
250
193
184
255
186
234
230
179
212
201
185
206
289
186
177
283
208
186
190
193
212
261
179
208
241
192
183
240
258
179
182
253
242
232
185
252
317
183
178
196
203
209
206
202
186
232
188
278
186
253
265
285
183
332
185
232
271
181
258
241
182
287
199
193
210
256
248
177
294
270
181
209
239
228
266
191
265
246
180
236
313
178
247
281
201
202
179
265
247
178
266
248
184
269
231
179
274
236
178
242
212
271
213
184
240
258
263
184
235
181
193
255
178
199
243
224
232
273
304
199
213
281
223
208
304
184
255
240
186
211
286
209
257
191
254
241
243
268
206
186
232
209
184
198
234
197
204
190
203
208
185
212
201
192
279
182
194
277
211
194
276
195
185
233
236
280
233
289
190
239
185
187
238
204
191
196
259
208
261
187
228
289
181
211
207
206
188
184
266
181
210
211
213
190
196
327
184
199
236
201
270
246
185
243
184
187
277
183
247
240
185
247
251
188
193
208
187
195
185
186
210
196
187
274
252
191
250
268
187
196
195
292
185
190
188
242
300
188
185
276
201
247
232
186
244
246
258
181
247
276
196
187
182
290
266
266
184
243
261
278
211
185
234
269
270
201
200
233
192
187
276
196
276
208
242
189
200
204
187
268
186
267
194
187
189
213
327
184
209
245
182
196
244
191
194
243
239
183
230
211
236
194
243
242
183
310
194
183
239
212
246
251
205
214
286
243
192
283
196
193
187
252
188
199
212
210
280
242
209
210
241
181
209
287
185
198
185
239
192
210
183
197
181
189
286
185
185
183
197
264
183
186
204
195
183
211
185
180
178
184
183
253
184
211
241
199
186
182
230
247
192
183
207
266
183
237
233
182
246
183
176
276
188
197
267
237
192
371
186
181
335
182
194
252
186
202
191
185
199
259
246
182
210
245
266
184
184
268
198
183
182
294
194
192
194
203
195
192
184
196
185
205
186
208
256
183
204
196
183
190
447
179
183
201
260
186
192
346
187
178
178
233
184
201
183
241
254
199
238
264
274
234
292
303
186
256
283
185
241
197
188
295
200
273
198
197
279
183
212
201
196
195
334
185
262
242
191
207
188
194
281
190
201
262
191
248
229
190
612
196
276
289
259
249
290
293
246
342
184
210
259
285
287
246
248
295
316
321
261
274
270
284
205
200
271
247
189
267
241
187
272
189
259
243
306
188
186
327
255
190
281
266
269
209
194
274
247
268
280
250
294
198
190
209
182
230
245
231
188
211
299
241
320
267
186
183
314
202
191
260
189
352
193
189
288
226
210
232
293
188
194
254
305
255
184
290
261
232
262
181
251
238
246
255
261
252
184
292
188
264
192
322
184
199
210
188
245
184
264
185
194
256
184
257
244
269
191
284
197
209
328
203
195
277
272
198
268
195
202
271
201
186
282
264
248
266
265
306
275
244
280
181
206
242
186
279
266
184
273
237
195
274
241
259
190
182
271
202
186
259
265
254
243
295
211
252
291
190
211
194
196
194
186
249
233
186
260
201
183
289
197
271
187
198
196
194
261
192
252
261
275
193
186
256
183
253
189
273
197
242
191
194
185
257
250
259
252
192
186
253
243
189
185
268
233
181
194
258
211
210
186
195
251
207
189
203
193
238
192
192
189
199
212
194
211
252
184
181
296
196
184
183
203
186
185
198
210
182
194
196
199
199
205
192
188
259
204
205
211
199
177
189
190
252
184
208
202
188
193
187
241
184
191
190
206
188
196
185
240
189
203
251
208
184
181
198
204
183
184
193
255
180
199
263
188
187
201
232
180
193
190
243
187
231
196
204
195
198
206
212
186
229
200
194
180
196
232
185
233
208
195
184
213
203
186
267
188
278
265
231
193
230
199
224
192
235
237
182
248
192
183
198
276
185
185
235
201
183
270
201
206
205
197
197
272
203
200
184
304
197
183
253
228
199
181
264
184
190
191
280
185
238
213
197
198
181
277
235
189
266
242
206
204
213
199
188
195
255
182
179
206
201
183
194
193
270
204
238
199
186
244
232
264
197
241
255
204
267
183
188
256
198
184
239
188
239
197
241
195
183
391
233
209
196
241
186
186
190
271
187
268
246
204
212
200
257
247
199
206
206
267
189
224
272
183
184
259
231
186
205
264
240
228
200
211
241
200
186
205
246
212
252
265
185
239
192
246
239
186
249
201
227
252
192
232
187
249
308
188
248
292
232
185
253
258
199
194
232
198
247
253
192
193
262
195
185
196
186
193
196
250
275
208
228
258
257
228
185
264
213
226
182
204
245
186
264
257
189
187
246
205
185
267
187
201
246
192
211
183
273
185
243
249
182
194
296
185
184
255
257
211
208
203
188
185
198
213
190
263
203
201
242
188
196
309
189
180
199
269
186
254
205
237
211
209
183
253
187
262
245
200
180
182
233
188
254
253
197
236
242
186
231
193
231
203
211
184
248
212
248
208
193
269
183
207
235
213
183
285
258
205
205
263
261
184
194
289
191
184
316
202
183
189
192
264
241
193
197
210
194
211
186
290
186
225
251
196
258
281
190
205
204
240
190
257
246
246
245
204
287
252
183
233
246
296
198
274
249
192
263
199
251
262
201
202
198
250
261
190
200
228
193
255
282
239
269
192
242
211
230
251
192
254
202
187
195
247
190
207
257
253
252
290
189
236
197
192
290
189
195
238
187
210
192
195
193
285
181
192
185
245
191
197
230
203
195
236
189
204
227
231
197
281
197
182
248
196
190
254
199
190
188
194
196
202
197
189
197
203
197
246
200
199
251
195
198
251
192
201
293
195
189
288
191
207
195
198
210
204
200
207
196
200
211
201
185
235
270
212
197
200
195
206
203
204
261
192
213
257
193
193
243
191
229
198
251
190
197
236
192
199
208
184
210
202
191
247
204
187
258
227
238
198
204
197
199
242
191
189
313
184
195
198
191
207
205
193
278
196
201
282
193
191
270
196
261
205
233
198
185
267
209
187
281
198
195
254
194
200
322
282
236
268
284
198
192
204
263
198
194
190
208
202
202
195
201
274
206
199
202
197
236
193
250
203
192
232
207
195
264
206
194
189
231
194
183
195
202
197
243
211
205
265
200
196
239
230
198
186
205
196
185
274
264
197
258
208
198
204
267
209
188
208
228
191
272
235
197
211
194
192
208
198
195
197
203
210
261
254
192
240
197
193
199
284
198
208
190
249
281
190
213
202
206
186
196
193
193
206
425
232
201
251
195
202
208
194
210
207
207
250
201
191
252
244
198
194
212
198
190
260
233
255
231
275
185
189
288
184
254
252
263
212
185
278
239
191
203
192
257
241
188
265
230
248
187
196
250
287
231
210
300
237
228
199
254
248
195
276
203
202
242
209
196
188
254
213
239
241
282
198
192
195
241
268
194
250
189
195
272
192
193
212
202
189
194
203
203
266
231
238
192
278
213
202
297
187
191
294
200
211
188
288
192
200
255
213
183
282
191
279
188
197
187
196
266
198
246
261
198
200
230
248
183
193
184
291
258
201
183
288
285
188
233
209
234
196
234
244
254
183
247
266
192
231
272
209
191
201
284
209
183
299
213
231
336
270
191
236
234
272
198
210
190
211
188
187
201
289
192
181
262
274
196
203
300
194
183
273
204
179
255
208
204
197
183
197
193
274
196
195
181
208
196
195
252
230
235
189
255
205
227
255
232
190
236
277
189
186
277
187
192
258
209
183
236
271
194
237
209
199
271
251
201
210
239
234
235
260
234
206
275
284
205
252
279
279
230
242
263
254
258
260
203
196
228
194
242
252
210
251
234
210
309
241
234
197
187
211
250
239
204
211
267
261
188
261
199
193
194
196
231
284
208
185
199
260
180
197
295
196
185
250
197
204
276
183
191
265
256
194
248
264
244
205
247
185
213
203
234
204
184
201
196
194
242
243
195
226
267
213
256
238
256
181
274
279
181
268
278
196
254
258
191
271
275
189
201
235
195
202
192
194
194
187
240
190
187
234
272
239
293
179
234
246
185
204
249
179
259
255
192
183
231
256
232
195
191
191
257
270
198
183
256
196
252
206
244
207
204
201
297
275
265
212
233
211
274
243
233
208
260
278
250
251
268
213
249
290
301
195
195
275
254
189
322
231
212
282
232
243
242
305
251
264
257
199
246
274
242
228
272
204
199
193
247
203
188
242
256
248
184
251
184
249
262
285
189
212
187
284
182
255
247
196
292
197
286
185
259
239
193
303
248
189
280
191
232
301
186
198
272
202
287
240
242
243
243
204
232
235
256
240
198
211
187
210
200
188
245
213
208
190
202
205
203
188
202
237
238
195
268
196
277
210
310
183
211
246
187
240
204
270
269
207
247
272
247
229
280
192
252
192
240
207
193
197
233
260
185
288
275
196
213
198
229
253
191
192
260
203
192
272
197
181
198
257
184
280
208
193
188
290
182
186
211
200
180
271
208
180
295
252
204
283
188
249
205
226
243
201
265
234
193
292
205
239
201
184
262
196
184
275
287
181
254
265
184
180
255
190
181
276
230
181
256
297
187
213
248
193
254
190
197
207
252
185
192
240
202
195
188
236
268
200
189
261
238
192
200
207
259
195
247
209
316
242
185
241
248
239
191
191
203
203
180
204
233
247
184
192
278
197
257
183
273
186
259
187
282
229
200
202
296
238
202
280
200
244
297
186
209
191
260
200
199
256
191
183
186
267
198
255
197
248
200
183
194
188
282
188
265
183
200
201
191
261
188
258
194
234
236
306
183
207
234
184
242
189
230
239
187
260
185
208
187
197
250
192
191
265
198
185
281
188
181
245
240
189
246
291
190
182
202
311
185
197
257
188
182
261
203
182
272
240
185
251
199
191
187
260
258
243
197
194
191
249
233
187
197
190
278
256
188
188
257
192
186
187
298
188
198
191
252
190
233
185
266
183
192
241
232
187
186
278
202
212
183
234
256
183
206
260
190
182
241
207
240
186
193
231
273
184
197
181
197
263
187
182
196
235
198
248
192
187
184
248
294
186
182
177
242
195
235
182
190
181
273
256
185
184
181
205
191
208
207
181
183
186
196
205
178
194
184
211
242
183
191
182
183
201
257
197
195
209
205
194
182
186
185
194
197
208
198
239
181
255
204
184
189
194
175
202
293
183
187
180
273
187
184
187
207
260
186
182
181
252
184
190
182
234
195
185
187
188
209
185
190
181
197
287
186
181
182
230
201
180
184
208
210
185
183
182
213
188
184
177
198
256
197
190
180
198
183
180
178
191
288
187
191
183
258
187
187
190
206
236
185
192
182
227
183
187
178
193
241
190
182
183
195
208
180
183
189
260
184
192
229
277
188
182
270
194
202
180
254
188
182
198
249
190
183
197
191
185
183
194
295
183
187
198
213
199
182
184
233
213
210
184
208
260
206
200
194
186
190
186
183
279
191
180
183
233
230
182
183
212
207
181
183
237
195
190
183
263
186
191
186
249
194
184
178
297
254
191
189
207
262
182
182
186
211
188
195
235
187
192
201
186
206
240
186
204
234
210
187
182
201
250
203
185
192
230
200
188
270
261
189
185
205
244
189
183
208
226
189
190
240
207
185
187
265
185
187
184
193
226
188
186
184
283
198
185
180
189
213
197
181
245
192
192
185
257
210
185
185
262
211
194
183
210
208
186
189
210
202
193
182
242
206
210
226
212
186
246
202
185
257
198
195
197
256
211
194
187
242
180
237
195
266
186
184
212
240
187
204
263
186
197
186
179
264
244
191
182
269
185
278
182
207
197
238
187
189
246
195
230
200
183
270
192
210
192
205
203
203
185
194
182
259
211
195
178
185
233
257
199
201
183
265
183
210
263
195
182
231
185
245
202
208
195
186
183
181
203
189
243
184
193
200
177
177
191
260
249
179
191
183
194
185
209
198
184
200
211
182
189
210
275
191
179
182
187
192
190
274
258
185
182
178
190
184
249
244
189
183
190
202
288
250
203
180
182
189
182
188
262
187
176
239
183
193
190
258
189
180
191
248
188
198
262
200
181
180
180
248
181
241
190
180
204
180
279
190
252
195
188
195
182
176
235
187
236
196
182
182
181
188
183
190
255
183
179
184
211
180
191
232
201
181
184
179
246
190
201
193
190
189
180
250
174
191
182
178
176
173
175
177
196
178
209
176
180
179
172
182
186
184
181
179
172
183
206
200
195
211
192
186
183
241
193
192
198
193
191
187
182
184
239
185
189
180
181
194
204
181
195
355
197
193
199
192
195
192
200
242
185
179
205
191
237
247
210
194
178
184
211
207
213
213
194
180
178
245
193
182
179
186
178
196
194
203
182
179
197
181
184
191
303
193
187
195
187
188
251
213
185
392
193
186
247
187
198
207
258
192
193
295
201
235
192
213
196
270
194
324
195
188
186
250
234
255
209
187
261
202
201
268
285
238
205
207
266
235
198
267
188
272
189
256
254
191
197
180
194
255
244
196
197
206
195
227
292
259
278
258
188
201
273
286
253
201
189
241
307
270
194
282
257
210
195
205
205
258
212
212
212
267
245
263
287
201
260
194
281
393
212
210
232
188
250
273
211
232
290
210
269
257
241
281
194
268
227
192
207
198
292
246
213
197
234
194
261
279
208
198
205
204
302
265
248
198
211
253
270
260
204
213
229
261
233
248
238
193
267
202
205
245
267
240
274
193
229
265
255
270
192
209
263
200
232
275
213
198
197
239
240
326
207
266
255
205
212
235
207
202
190
206
181
206
195
194
260
189
300
244
190
190
187
202
191
192
194
182
297
202
183
212
185
199
241
192
188
207
190
186
213
187
297
240
191
202
204
203
235
207
211
275
195
210
192
251
184
195
195
186
209
189
179
276
185
181
193
204
263
185
202
202
200
188
187
183
233
189
209
189
208
201
196
182
211
183
256
187
257
189
188
182
256
271
184
202
192
208
190
200
234
257
182
242
245
186
260
223
247
208
208
196
295
181
255
193
190
186
202
193
187
205
186
199
246
209
186
207
292
179
195
204
225
191
239
240
185
274
201
186
199
191
213
182
189
271
190
248
262
283
183
228
212
245
183
211
258
213
238
204
243
236
247
226
246
239
188
195
233
196
191
208
256
192
268
208
289
197
187
279
184
194
195
241
199
189
187
283
185
198
195
214
227
191
253
229
202
188
208
201
236
191
201
192
200
200
184
198
179
192
239
192
189
210
199
192
266
196
237
202
207
211
197
238
205
202
246
190
204
201
280
201
253
250
192
258
244
195
213
183
238
205
230
188
200
248
187
186
292
207
186
235
210
207
186
267
197
202
270
233
264
198
204
185
197
208
207
198
193
213
249
202
189
266
212
227
294
193
202
244
190
194
194
212
272
237
206
266
354
314
185
234
236
241
193
199
206
192
200
199
193
187
198
250
193
188
245
195
209
209
241
188
184
212
199
237
190
201
240
189
245
199
213
230
204
193
212
184
210
244
262
186
185
194
227
196
315
201
192
202
198
192
189
211
254
202
194
252
246
302
197
272
212
200
213
197
196
193
272
241
193
257
242
205
200
192
263
184
190
201
199
200
211
295
193
183
185
192
186
200
254
193
196
199
244
244
181
274
210
199
200
273
209
193
284
189
197
199
278
250
262
203
186
193
246
244
198
195
194
202
258
184
279
185
197
209
198
269
204
210
190
203
209
193
237
197
195
232
282
188
235
211
190
212
231
199
198
208
238
189
251
188
258
184
199
249
200
282
201
197
192
194
252
182
196
209
191
186
184
203
193
192
248
209
198
191
250
194
192
257
195
189
246
205
238
189
249
191
198
209
244
187
208
237
196
188
196
201
185
185
199
202
201
188
213
208
203
188
183
198
178
193
270
191
188
200
211
195
238
180
199
199
196
184
197
192
180
228
188
235
193
195
226
206
182
187
246
193
200
210
198
179
202
262
186
192
236
201
283
189
238
186
197
184
210
198
191
210
212
209
184
180
206
240
188
200
213
188
190
192
250
182
185
210
195
193
210
246
179
194
204
271
199
239
204
228
199
190
208
196
241
186
244
246
178
199
260
211
194
178
184
201
187
239
188
181
191
241
196
182
231
188
246
205
230
197
178
207
209
211
187
246
319
198
195
229
261
192
192
203
314
206
211
187
260
237
184
272
199
195
208
352
208
187
187
190
193
197
210
190
280
212
228
386
203
186
189
273
200
186
198
204
250
189
207
251
192
213
197
246
184
199
194
284
233
190
198
278
183
192
244
181
189
209
212
229
235
209
331
298
212
228
285
273
229
290
292
209
234
239
264
205
211
242
206
209
252
198
240
201
209
249
278
206
197
271
195
192
249
194
201
191
237
209
182
231
270
202
184
204
256
184
177
264
204
190
207
241
178
178
233
200
179
182
207
213
195
189
196
212
199
199
237
256
230
190
198
187
183
195
188
213
194
201
209
212
184
186
198
193
203
201
199
206
195
268
189
201
256
203
253
208
195
232
199
184
192
211
247
201
211
188
191
199
194
211
183
263
197
203
193
212
241
213
187
230
272
203
187
242
230
262
185
250
262
187
207
261
237
309
183
186
202
182
197
229
184
262
208
190
203
289
200
199
190
265
235
195
282
192
239
195
195
193
271
186
200
209
186
184
262
248
205
207
240
241
204
229
258
193
246
235
187
196
240
187
205
252
187
207
212
195
194
230
187
186
241
194
210
197
184
190
261
201
205
249
267
209
209
282
264
198
247
199
226
200
188
249
205
262
199
209
190
186
284
245
192
239
243
192
181
294
183
196
237
210
208
184
231
191
271
199
213
261
211
273
207
212
245
240
245
267
206
261
256
203
201
200
192
209
272
247
202
206
303
195
265
278
195
204
184
318
246
195
208
244
185
234
235
205
210
182
190
228
213
291
202
255
207
242
209
186
229
260
198
204
297
195
209
202
264
197
185
250
248
284
237
263
264
287
205
280
226
259
192
276
243
205
210
211
202
196
206
198
209
207
212
261
186
229
260
202
205
237
244
189
196
192
206
184
241
248
206
229
213
187
208
286
189
208
254
249
187
201
287
210
194
256
183
190
186
252
240
197
231
186
195
200
255
192
186
194
204
197
184
268
191
242
183
273
202
186
201
189
232
184
239
185
184
229
256
258
199
277
204
198
202
211
190
210
231
200
194
203
204
184
211
184
191
198
233
186
257
200
188
211
195
209
197
191
210
189
201
199
303
199
209
204
187
208
248
200
305
200
184
271
287
181
272
246
201
192
247
181
282
267
213
213
182
236
253
184
199
272
240
202
191
308
188
185
240
274
198
201
201
279
201
289
183
207
194
240
191
251
275
196
196
248
212
185
265
263
189
212
314
187
179
244
283
189
178
243
282
185
195
196
276
212
250
188
276
202
190
264
281
186
269
209
201
236
260
197
248
209
189
211
247
188
269
207
211
248
280
193
241
305
188
239
211
263
249
265
274
196
205
199
199
206
286
188
271
182
272
247
301
209
202
255
263
197
258
272
208
237
256
202
250
208
244
303
268
183
263
268
196
242
185
259
245
199
275
206
188
193
241
209
185
194
269
201
205
255
252
187
264
211
201
246
199
192
269
203
201
207
196
274
314
263
238
283
275
193
213
191
289
255
197
263
254
295
246
190
208
290
271
191
186
189
233
247
194
190
189
305
196
202
208
235
230
266
189
198
273
203
244
191
251
257
254
187
192
204
248
239
189
239
231
187
249
278
245
248
190
202
202
267
244
229
195
323
253
233
205
257
280
199
194
190
272
257
187
200
230
241
198
212
250
189
280
257
198
189
211
252
194
193
249
202
248
191
191
245
240
184
202
229
199
192
234
186
198
202
202
193
234
296
185
198
288
200
195
271
188
224
184
237
212
185
243
210
237
211
256
202
254
204
211
202
199
195
186
245
211
191
276
283
200
193
206
289
270
235
254
275
187
209
203
209
259
241
190
251
260
201
286
282
233
184
265
196
182
267
234
189
186
289
188
239
245
209
191
236
267
192
236
268
199
260
212
240
192
205
188
242
189
197
185
263
198
213
187
256
189
183
289
230
199
192
258
192
236
190
204
187
204
195
242
186
266
193
193
199
245
203
194
209
212
189
196
189
211
188
281
190
242
195
201
201
194
193
235
210
212
184
272
203
232
185
241
192
199
196
251
194
245
202
259
202
233
188
209
261
204
250
200
193
212
210
202
191
246
196
180
196
195
213
184
232
199
208
284
200
275
195
243
264
233
204
262
185
208
210
234
181
206
283
272
210
198
206
230
186
235
246
234
197
275
313
205
181
297
190
197
241
314
209
239
193
264
205
306
185
192
212
196
188
186
210
257
196
213
211
243
203
209
241
233
185
190
248
264
186
201
238
250
206
191
191
258
213
191
191
208
185
192
192
240
202
193
181
273
185
195
211
201
199
187
236
231
186
271
196
211
194
210
181
232
194
233
244
274
184
213
273
186
241
230
184
206
318
186
198
274
201
297
197
263
184
255
275
186
202
309
188
184
282
259
187
200
259
195
256
207
190
293
278
194
287
196
237
200
269
196
203
282
182
197
255
187
199
250
227
201
270
195
185
250
235
200
213
247
210
230
199
190
238
191
192
244
197
211
266
196
210
247
246
197
242
226
182
277
239
211
197
236
241
271
190
263
282
209
199
279
201
184
266
186
196
211
204
212
207
255
185
272
198
261
193
258
206
185
211
249
188
240
291
185
183
295
211
187
283
266
182
196
298
203
258
260
182
184
256
201
197
288
248
187
204
253
194
234
273
187
203
243
210
201
196
210
228
200
263
197
186
229
231
185
192
326
193
199
252
202
188
231
264
240
203
295
196
190
201
210
238
207
200
196
193
263
241
189
289
197
236
197
251
204
293
184
199
265
254
258
183
192
273
246
207
264
274
198
213
210
300
198
253
186
244
187
195
213
199
186
288
235
199
209
211
256
197
207
247
193
241
209
212
254
210
207
232
183
205
230
266
208
187
247
185
194
259
212
204
202
185
205
269
210
194
254
212
288
241
236
249
200
194
269
280
184
187
245
187
200
211
203
210
263
188
195
210
297
207
201
293
210
197
183
272
257
243
241
240
184
201
242
264
196
197
250
195
182
303
186
231
202
276
208
189
244
208
184
194
275
238
188
192
260
250
245
183
289
259
189
184
239
283
186
194
250
245
255
197
265
189
182
257
278
194
263
196
185
183
253
283
198
247
257
183
200
232
259
191
183
294
239
191
184
269
193
182
238
261
198
185
269
207
188
181
264
256
184
214
209
284
184
209
255
234
202
238
262
193
180
255
255
269
185
251
194
246
184
231
202
199
184
182
205
260
203
184
197
199
188
186
187
247
256
199
203
197
187
297
185
201
186
195
190
191
211
179
208
207
199
211
185
185
235
188
202
181
191
186
207
185
223
203
308
203
246
299
189
198
209
293
301
245
201
210
297
291
262
192
294
250
299
198
240
304
208
201
280
246
254
240
266
203
349
202
271
195
271
294
241
244
206
286
268
206
270
255
210
261
269
234
255
265
289
254
199
311
267
208
207
247
276
200
324
292
277
195
207
249
270
314
206
276
284
245
201
275
288
209
296
232
255
306
201
210
266
300
194
199
298
201
357
251
207
351
251
282
213
346
213
291
204
238
283
257
251
199
243
208
233
257
252
270
235
236
202
266
247
211
212
269
200
319
248
262
319
213
236
260
301
213
252
198
284
267
269
294
249
291
196
244
257
193
239
259
289
255
261
259
354
210
261
236
260
240
290
234
262
203
298
264
282
292
241
212
265
258
286
429
228
247
277
242
262
259
359
247
269
180
290
257
183
186
194
267
233
275
186
236
209
209
185
202
203
252
255
212
308
191
203
197
185
231
196
194
204
207
203
197
238
187
263
211
251
212
187
202
208
261
192
196
187
252
210
188
204
193
240
246
187
265
200
188
194
208
240
204
250
199
210
185
186
251
229
196
194
211
247
206
185
235
253
184
203
201
185
206
246
208
192
187
282
186
195
201
263
205
197
211
231
202
187
300
201
211
208
262
202
182
239
258
208
243
193
238
186
189
258
262
184
270
208
183
213
270
188
201
274
252
185
186
196
188
266
204
234
185
208
288
188
193
312
236
189
251
187
329
240
281
192
213
254
197
236
229
210
245
195
239
201
234
261
187
181
318
208
253
197
231
206
196
189
185
257
194
213
204
202
198
212
189
197
203
260
185
282
244
199
189
188
204
233
191
203
191
581
193
183
377
192
190
307
184
189
275
238
200
204
199
198
212
231
190
255
205
193
196
191
195
196
196
189
230
261
183
190
232
195
208
193
188
240
201
245
188
190
207
206
210
189
189
205
204
188
190
197
200
280
197
182
254
201
203
203
189
237
205
209
206
180
201
211
204
203
209
208
270
247
248
205
270
207
257
246
250
235
201
274
272
200
204
236
238
208
275
198
256
239
203
205
262
211
238
251
255
243
240
206
212
261
257
272
259
210
210
269
237
275
209
247
236
254
242
205
256
261
284
210
214
278
248
278
240
282
283
193
211
271
255
208
241
268
246
211
212
243
256
212
209
265
266
281
195
209
254
267
201
250
235
236
202
234
257
232
210
275
269
281
232
239
235
235
298
248
264
210
211
284
265
259
241
279
273
210
205
241
209
292
211
262
261
231
282
243
283
260
238
270
247
237
208
268
274
267
231
240
271
260
315
271
272
199
240
265
254
233
201
266
252
205
263
268
265
278
196
246
251
250
201
211
273
261
209
261
241
182
191
207
255
205
184
212
257
184
261
263
196
181
247
242
203
202
192
268
189
191
277
256
183
263
243
194
198
254
204
199
212
256
232
187
186
277
194
183
203
211
203
250
213
247
268
233
273
189
201
186
261
207
251
188
275
192
209
199
213
261
185
195
239
195
198
210
241
188
208
202
193
239
190
263
207
199
235
193
209
182
274
181
262
205
208
182
245
187
183
278
189
191
211
185
187
257
200
190
207
209
184
263
179
244
202
186
187
209
205
190
231
243
201
245
191
191
202
257
189
213
181
191
190
182
190
252
186
209
277
183
209
210
181
184
186
209
262
184
208
202
203
266
202
213
192
213
239
202
201
199
209
185
197
184
236
202
200
198
204
208
245
184
309
204
197
205
184
209
201
181
283
189
210
268
187
210
269
180
266
240
181
253
183
260
287
203
273
201
210
190
213
183
197
192
196
252
208
182
271
207
181
183
203
182
253
197
197
268
210
195
205
212
187
250
194
267
189
273
203
188
195
212
188
190
202
241
197
200
212
206
302
186
195
242
210
236
234
185
202
262
183
209
269
186
200
266
185
185
274
192
227
301
185
189
327
189
189
237
196
197
278
197
186
291
187
185
240
189
188
246
208
192
261
212
212
239
205
197
202
247
190
273
262
179
252
199
195
229
191
196
238
196
212
202
187
195
183
247
192
192
211
229
252
248
185
260
212
184
211
211
253
187
247
194
260
206
193
208
212
201
191
231
192
209
197
256
196
181
204
200
182
243
197
192
204
267
183
230
248
181
242
248
180
205
207
211
205
192
245
265
189
195
186
228
185
191
195
228
203
189
183
230
211
184
236
257
180
198
208
184
243
210
186
263
233
194
210
183
187
202
209
200
182
185
247
183
195
243
187
189
193
199
190
199
187
184
237
259
188
194
259
189
264
212
184
235
203
184
261
209
177
277
194
184
255
205
186
233
196
184
185
238
208
191
234
201
193
264
206
185
186
275
183
255
265
189
255
206
190
193
237
201
192
232
190
208
246
183
196
272
188
237
244
195
213
238
189
201
270
195
205
330
194
241
194
190
236
189
187
252
292
191
187
205
184
193
267
195
211
200
195
180
256
207
186
246
208
179
277
209
188
267
212
185
256
236
189
264
181
189
238
197
199
247
212
192
212
236
187
212
252
182
188
267
190
183
278
240
192
212
235
237
247
270
189
315
197
184
245
195
203
199
198
288
184
186
288
197
197
430
249
247
193
327
197
181
272
196
205
264
195
251
208
295
185
202
271
213
204
254
185
212
185
211
264
191
189
303
184
181
269
190
205
264
254
198
209
274
182
189
255
200
211
195
326
208
182
278
195
199
203
206
190
234
190
198
194
189
204
235
199
192
189
248
234
182
189
244
233
225
272
199
193
205
187
247
210
235
181
240
263
213
206
192
199
205
229
188
177
234
194
184
208
186
209
200
245
184
212
239
209
190
180
232
201
192
178
198
205
192
213
198
182
193
242
188
183
192
183
205
187
205
188
193
187
195
195
197
241
186
174
198
190
184
184
263
193
179
198
189
195
193
191
197
191
184
267
257
187
181
206
238
184
187
186
209
194
192
200
202
205
189
196
178
257
189
198
242
190
184
210
184
185
239
210
186
194
200
201
186
179
263
193
181
207
198
191
205
181
181
283
182
183
190
285
185
188
227
264
191
187
275
264
195
211
192
185
209
184
235
189
246
183
294
196
202
185
192
190
262
184
192
189
191
193
189
269
194
187
199
212
194
205
190
195
276
189
182
202
196
228
195
188
193
191
229
190
206
235
238
191
254
188
245
196
270
194
329
242
200
197
321
193
189
304
242
186
203
186
211
212
189
278
249
191
237
302
189
197
296
196
193
251
275
181
210
272
192
195
187
229
267
178
213
204
187
184
205
209
187
195
238
187
188
235
192
197
193
257
184
192
206
246
213
234
243
185
183
234
189
189
204
243
190
234
247
191
189
197
255
228
247
192
234
188
205
199
188
282
197
264
189
198
202
190
231
185
248
196
234
204
212
229
199
194
193
268
186
193
200
192
202
183
242
183
204
259
188
239
237
185
239
193
234
194
187
249
242
191
244
191
251
181
244
236
184
207
211
187
187
244
185
184
248
240
183
196
184
239
190
256
188
184
199
206
192
184
252
253
186
205
249
187
184
237
228
187
285
235
188
206
255
197
184
263
256
186
247
265
190
183
241
201
181
240
182
188
189
266
187
240
190
193
231
191
270
205
186
264
182
250
248
190
252
197
185
251
195
196
257
192
258
186
192
188
193
260
181
206
181
250
253
186
230
205
191
180
213
197
181
242
271
183
240
236
250
185
190
241
197
186
265
233
182
198
263
187
182
242
188
183
209
245
183
258
200
183
189
201
197
237
210
239
194
264
188
189
253
212
184
263
253
182
191
285
183
190
242
207
189
235
244
231
210
250
188
186
258
255
190
191
255
188
207
262
185
181
265
205
194
249
235
185
208
248
185
255
278
191
243
239
188
245
188
265
192
231
213
252
235
190
204
187
182
190
250
211
203
187
239
184
256
253
186
194
261
191
188
230
202
183
208
249
183
191
263
209
197
299
193
194
201
208
185
184
260
190
188
229
185
191
189
235
185
211
179
196
182
188
188
249
182
181
197
265
189
186
184
211
231
184
199
196
186
245
272
204
184
271
185
184
283
189
182
183
234
226
196
186
188
201
186
354
211
180
208
225
181
187
186
187
186
211
211
181
233
193
184
188
198
194
201
232
184
281
211
185
309
183
175
205
189
183
266
186
192
201
192
187
296
193
234
188
191
204
183
209
183
302
248
265
188
176
187
237
179
187
255
197
189
188
203
198
190
193
198
241
209
184
191
235
192
189
198
238
184
274
186
205
184
191
241
187
187
213
186
186
196
211
186
188
185
232
198
186
183
194
190
286
180
188
211
187
254
183
288
203
182
195
194
189
253
212
211
190
201
205
188
210
236
187
192
198
187
247
192
181
209
191
184
212
183
198
251
181
245
211
183
247
258
186
253
193
199
198
183
299
187
200
202
212
188
179
253
199
190
188
229
213
181
258
180
193
253
193
179
183
256
192
182
202
180
182
196
193
179
190
204
184
244
187
192
183
281
205
183
185
211
183
200
229
195
196
180
177
259
210
183
193
181
200
185
190
208
178
240
188
181
189
180
182
212
190
206
192
182
297
183
188
233
177
193
185
190
237
196
184
208
187
288
187
196
192
250
253
190
255
277
322
398
406
233
225
179
439
236
298
182
210
185
419
235
333
208
187
275
213
193
297
204
271
265
191
206
192
210
355
179
200
277
199
189
188
207
277
206
236
244
190
187
234
190
190
179
255
199
180
279
208
178
195
231
190
210
200
203
185
280
198
203
202
272
187
196
255
198
254
194
205
211
210
233
257
205
201
232
249
235
190
204
185
186
247
182
279
183
211
269
203
238
203
237
190
211
258
251
184
244
203
242
189
198
259
187
185
247
212
290
194
210
237
299
182
194
260
186
194
237
271
190
266
243
207
196
236
253
195
213
197
203
181
211
188
180
264
199
213
231
185
271
200
281
188
252
228
189
238
194
200
182
206
264
181
247
185
240
194
202
191
205
229
182
259
239
181
238
265
184
252
228
242
190
189
182
249
230
204
202
249
185
186
261
194
189
187
184
204
188
204
211
185
214
257
203
197
275
187
182
300
202
207
206
257
245
198
194
196
186
261
239
182
261
189
180
253
190
197
211
204
272
185
365
516
263
353
179
287
191
187
206
203
183
257
187
183
296
188
190
277
183
234
205
194
277
352
270
190
239
193
188
261
198
260
194
205
266
230
201
207
185
204
187
195
231
196
183
270
207
193
207
190
245
187
196
280
276
239
233
236
209
210
206
188
200
184
194
212
264
200
189
182
191
228
189
203
183
208
230
200
181
201
185
196
194
199
195
235
182
205
185
246
186
206
184
190
210
201
251
191
187
258
184
186
204
198
187
191
198
207
198
196
206
206
239
190
198
257
188
184
241
195
193
338
211
200
182
193
203
191
254
239
239
265
206
199
189
193
252
210
197
286
256
209
231
197
250
367
199
248
212
190
276
201
212
231
194
308
234
188
191
211
200
239
243
251
304
237
210
249
186
337
328
235
190
294
197
194
281
275
207
326
205
278
206
194
183
247
245
192
197
234
203
207
186
258
262
188
182
265
191
204
257
192
204
259
188
209
244
189
239
210
209
241
197
275
237
185
207
265
184
197
409
187
203
259
193
203
250
198
265
271
248
200
248
199
302
282
188
226
207
193
268
197
208
288
187
255
187
199
250
275
187
194
248
257
205
194
246
230
191
233
203
266
211
192
206
236
194
209
278
587
201
188
255
188
251
274
205
237
194
179
312
187
200
202
255
204
208
260
177
246
251
174
253
244
273
188
185
176
267
243
184
198
261
258
189
212
185
207
268
193
192
277
228
196
193
204
282
196
195
190
184
196
192
276
395
185
248
187
187
197
201
251
186
206
269
195
192
246
185
190
209
253
246
203
189
232
183
210
192
202
200
208
196
197
283
205
204
248
183
183
194
231
186
298
354
242
290
269
230
181
246
270
206
251
208
191
321
318
206
259
199
190
283
186
195
293
182
184
268
183
194
202
202
193
212
196
192
193
186
234
196
429
200
213
255
187
260
202
199
179
198
257
193
195
376
190
237
241
198
187
207
236
184
263
247
188
430
244
421
191
253
311
242
200
232
264
196
233
275
200
189
308
198
239
191
239
200
190
256
193
208
189
365
231
199
204
198
256
206
196
240
193
195
362
199
189
251
246
186
204
286
200
189
381
193
183
290
267
258
260
226
280
234
184
377
192
198
203
249
184
193
197
205
291
229
192
229
199
270
194
192
297
201
267
350
201
195
206
241
240
229
286
187
198
194
201
212
187
201
205
193
280
194
200
253
190
205
263
184
190
250
238
189
198
208
206
349
246
205
284
260
186
254
309
199
259
189
268
231
190
271
212
253
209
202
205
265
203
279
252
208
198
267
212
257
243
243
204
279
189
198
202
227
204
248
261
195
230
288
242
244
227
200
199
212
262
192
284
259
192
283
213
200
333
182
232
278
199
196
204
244
211
213
238
189
262
213
189
233
244
211
259
246
211
184
205
235
191
211
234
207
256
203
213
234
256
229
198
202
207
198
195
201
194
199
201
189
185
211
208
234
197
207
192
205
205
263
190
193
243
211
188
200
193
233
197
198
203
204
213
238
193
197
199
197
196
203
247
190
236
200
231
206
205
212
275
196
197
205
205
202
185
246
232
200
229
203
201
202
209
252
199
230
197
205
192
257
246
190
243
191
207
236
197
242
208
193
226
203
192
200
253
212
194
234
246
248
270
190
194
200
207
204
190
213
198
199
265
202
247
254
209
197
213
279
194
200
205
240
245
207
269
278
201
207
240
190
208
211
237
188
266
273
193
238
284
209
210
202
207
191
317
192
186
306
234
185
210
281
211
213
352
191
236
292
235
191
260
188
200
396
208
203
312
276
203
192
262
251
262
208
238
249
209
267
196
208
288
240
256
258
197
247
282
198
233
274
248
198
194
247
186
278
274
200
197
319
266
182
300
274
186
308
233
189
309
199
233
329
188
197
253
306
277
208
198
492
257
302
275
191
257
272
199
210
261
240
263
239
197
241
513
288
268
236
209
206
253
260
266
206
203
282
266
203
339
245
274
267
184
269
255
182
272
257
236
189
277
274
184
240
238
241
188
236
277
188
261
259
201
267
269
278
295
209
190
266
280
212
265
257
282
194
202
208
208
268
303
264
258
286
255
207
286
191
281
260
192
255
287
185
317
278
189
266
209
184
266
204
190
258
211
187
264
263
194
210
240
239
200
210
267
269
211
192
275
191
227
339
197
235
337
207
270
205
273
242
200
249
256
212
248
209
256
269
201
269
184
201
244
256
209
264
244
259
288
256
195
244
561
208
289
256
247
313
196
199
285
204
209
305
191
205
288
201
297
275
248
210
257
258
231
262
189
254
212
242
206
203
258
201
240
253
257
421
207
188
247
207
264
245
191
320
207
238
257
200
198
262
232
357
268
191
200
204
270
190
201
236
243
193
211
279
246
201
199
195
186
271
249
186
213
261
209
301
198
197
271
198
199
227
212
246
232
212
236
185
279
190
186
292
293
256
187
209
281
252
244
200
236
247
198
235
279
208
195
256
230
262
250
243
205
273
187
198
272
238
190
267
242
210
209
295
253
187
311
212
238
204
204
202
493
347
246
287
202
203
258
239
181
258
203
190
237
294
213
189
202
278
200
281
199
196
292
192
252
275
202
195
290
201
196
339
235
254
260
192
253
201
190
278
244
265
193
254
207
229
269
204
187
297
258
192
263
311
190
271
274
195
555
201
210
262
301
266
201
379
248
240
254
247
278
210
199
242
213
244
212
256
286
210
266
252
187
208
310
262
211
194
258
273
231
206
399
276
188
294
248
187
230
279
258
229
212
297
210
193
499
192
264
197
245
297
238
182
426
237
245
241
684
255
253
233
193
277
240
193
203
286
206
338
266
249
187
232
294
196
183
248
263
185
264
307
187
206
212
196
292
259
274
205
247
192
261
248
211
244
194
414
195
283
242
319
266
257
269
248
190
263
206
265
231
250
311
209
207
252
404
245
201
226
296
247
250
188
292
244
189
406
262
259
255
434
238
203
193
234
259
238
574
268
206
248
194
262
279
211
303
240
201
244
291
263
212
242
259
189
256
240
325
267
193
280
198
309
206
185
291
192
190
208
262
229
267
352
237
187
181
289
288
191
317
272
373
188
391
246
194
311
274
184
189
269
204
186
270
272
195
243
275
227
367
213
202
236
269
273
192
236
270
202
328
295
202
187
254
191
194
213
292
185
386
380
213
189
278
243
192
280
184
242
205
256
250
190
278
308
241
199
250
240
204
290
193
195
238
255
202
207
237
185
251
234
247
194
290
282
201
322
255
196
297
331
192
267
455
189
244
307
256
212
207
270
298
188
254
189
203
207
205
246
247
201
284
265
207
236
261
272
249
197
242
191
212
258
257
209
272
197
203
322
234
210
252
230
206
210
394
208
188
252
260
208
204
256
247
185
333
187
232
248
209
196
240
202
242
211
264
190
198
299
269
189
197
235
234
211
213
208
197
261
185
211
195
258
195
292
188
185
277
264
194
200
211
195
209
205
247
199
357
230
240
194
197
203
250
205
202
277
206
208
203
257
190
255
226
249
195
205
284
319
233
187
243
244
204
267
190
257
187
212
267
248
259
264
193
251
192
231
192
239
231
251
195
209
185
254
259
331
207
212
203
237
195
257
283
197
204
267
205
200
204
194
239
209
208
210
261
197
213
188
252
201
206
209
208
199
245
210
345
200
272
250
208
233
189
466
282
186
245
752
196
231
259
245
245
252
194
191
286
184
528
272
193
206
735
271
258
242
189
261
247
201
267
206
204
186
274
208
244
729
213
185
196
302
200
206
204
211
211
264
279
197
202
239
203
232
202
819
244
276
240
244
276
206
212
580
197
244
1043
205
212
191
202
206
197
258
255
242
199
196
213
208
209
239
233
200
498
195
238
184
627
206
251
199
196
264
244
250
237
211
252
210
188
265
273
200
243
205
256
424
246
242
186
208
252
200
278
518
193
213
506
538
255
209
204
270
191
262
281
240
242
213
212
194
214
261
199
190
264
209
189
606
258
231
231
269
185
207
265
252
190
207
243
192
190
193
235
194
208
251
206
197
196
255
655
198
199
253
245
538
207
230
268
242
188
258
200
209
284
235
202
273
191
207
207
233
203
206
244
249
201
244
192
308
251
200
630
485
186
239
207
209
260
205
287
428
246
188
271
290
272
212
196
253
270
237
249
188
240
524
200
213
273
200
192
198
264
229
280
608
