179
237
231
280
237
246
338
275
190
202
226
240
209
214
205
192
261
200
190
207
198
256
196
184
316
188
227
270
220
227
320
223
200
320
191
225
224
262
319
249
186
248
286
186
216
186
278
224
193
175
258
229
215
191
238
185
225
207
197
202
219
259
229
207
277
238
267
209
185
212
256
184
218
221
201
201
187
206
274
210
189
214
250
183
197
276
181
291
239
195
292
262
180
355
214
188
248
202
209
207
231
230
204
207
300
212
213
198
222
206
195
222
180
212
317
206
190
230
204
221
367
182
208
193
214
196
340
209
236
256
192
187
254
337
195
233
204
212
202
415
180
197
274
190
181
210
243
190
285
328
201
257
240
192
186
243
319
184
266
199
261
283
226
260
204
227
286
183
310
281
205
259
220
212
275
315
208
202
338
207
185
331
195
216
227
195
210
190
237
185
277
182
218
292
238
205
197
214
191
179
283
259
182
259
213
192
240
210
246
218
205
216
186
231
264
218
198
229
247
191
227
251
207
210
253
208
207
231
211
195
225
218
209
241
195
356
218
190
184
254
225
196
208
223
221
269
182
209
193
376
196
187
366
234
215
205
226
192
211
201
301
196
208
233
261
212
198
187
252
268
192
206
246
217
197
198
263
247
187
198
209
189
208
243
185
196
327
204
248
246
252
239
255
201
251
196
252
279
214
204
210
220
186
253
256
222
324
262
183
232
202
237
245
269
207
224
241
224
216
239
278
363
226
209
293
266
203
230
230
204
206
259
220
192
296
186
266
250
196
206
234
206
193
202
223
293
229
191
234
265
202
189
242
233
200
192
221
227
199
252
208
231
237
203
210
221
207
271
227
211
219
215
306
216
277
191
274
208
217
224
221
207
298
211
225
311
208
239
278
216
224
236
215
217
226
285
241
187
297
243
234
229
212
196
268
293
211
219
332
190
182
350
188
183
272
217
182
194
307
182
218
278
206
178
230
243
180
225
216
186
277
227
181
197
254
186
183
187
225
304
187
278
287
198
216
410
194
210
280
217
209
192
233
185
204
185
213
206
188
183
302
208
208
193
196
249
195
192
294
197
220
242
244
178
231
234
182
243
224
180
250
224
191
219
302
188
215
286
210
182
362
227
189
237
226
186
226
253
198
196
218
200
234
205
283
227
203
195
191
211
177
189
224
209
264
218
227
210
189
225
269
181
199
256
195
207
237
192
178
254
191
181
201
197
181
199
253
251
181
204
206
262
195
253
217
227
210
262
199
240
189
274
235
192
267
250
323
210
214
267
186
270
240
239
208
212
205
252
215
199
249
205
184
214
275
196
185
249
219
226
193
199
310
185
184
217
183
187
201
238
213
215
194
231
226
215
194
209
222
191
218
244
212
196
201
233
218
195
208
215
183
346
193
214
209
242
190
236
202
193
204
273
223
216
208
213
187
233
218
234
221
211
250
189
212
224
222
188
283
212
216
233
249
195
216
198
214
187
249
211
207
200
363
195
200
198
256
209
188
201
286
313
201
196
197
212
306
191
235
287
211
199
247
225
212
195
298
200
204
230
240
227
203
226
204
194
207
200
212
201
224
217
324
272
200
199
257
194
234
188
238
219
187
198
202
259
259
250
209
212
249
201
242
187
202
230
219
207
206
221
213
206
206
250
205
220
258
229
214
245
194
214
279
235
227
227
203
199
268
201
258
256
193
239
248
220
224
216
217
213
225
217
265
220
221
204
224
233
226
201
265
197
212
230
231
216
214
232
239
249
202
325
225
194
186
215
192
230
189
198
221
214
186
178
237
189
190
236
277
185
213
184
281
185
197
200
230
187
182
310
187
194
213
195
193
189
215
188
186
190
198
201
187
188
208
204
185
196
238
184
189
205
236
185
181
241
328
183
183
234
222
189
194
212
195
185
214
192
213
186
191
230
263
216
191
199
207
188
239
190
246
197
205
193
263
208
236
215
215
209
258
243
188
269
258
190
185
224
198
300
189
216
193
208
189
197
240
187
233
191
224
186
242
182
184
216
202
225
194
193
186
268
188
183
204
235
186
201
202
188
228
200
302
187
207
213
270
186
194
226
249
190
180
283
225
237
195
212
211
200
197
246
218
190
238
193
277
186
257
176
216
195
209
179
299
189
202
179
225
245
190
188
205
257
219
189
190
316
238
181
244
209
196
186
218
207
192
180
198
190
187
209
182
184
220
244
216
236
184
199
217
188
199
241
213
182
234
180
247
204
204
185
228
206
180
218
280
197
180
290
185
195
231
203
218
297
215
186
263
247
204
190
220
229
298
188
213
219
273
204
198
225
192
242
193
355
208
185
219
242
204
226
290
237
213
193
293
264
187
204
252
182
188
212
261
201
183
259
213
187
189
188
202
225
239
363
195
237
314
194
196
213
210
256
298
193
241
293
192
185
289
200
262
198
290
221
202
300
233
257
200
368
187
250
291
189
214
198
317
211
316
199
404
242
236
212
339
226
303
219
215
242
185
209
196
187
225
269
185
199
253
233
199
188
258
203
183
183
217
326
232
256
236
204
182
206
196
185
272
196
209
226
221
209
206
193
211
201
200
265
182
217
186
186
256
193
203
209
198
213
203
260
226
216
195
197
184
211
222
188
200
200
227
202
195
225
223
185
226
207
245
285
207
179
263
185
189
183
232
256
208
204
270
222
252
261
223
203
220
222
236
265
228
254
232
234
227
250
222
219
266
213
312
210
217
271
232
217
218
217
228
316
219
227
210
283
212
215
226
258
211
204
214
277
226
236
204
232
274
225
254
295
249
223
224
370
301
214
248
243
215
232
244
231
214
249
251
226
303
228
223
234
276
303
232
318
285
306
229
351
187
217
210
266
189
187
197
239
185
186
197
247
275
184
222
201
193
210
226
294
197
207
265
229
189
202
193
192
210
188
303
188
217
204
212
188
209
192
220
253
186
229
211
236
204
192
199
185
219
203
303
185
192
219
273
190
194
223
197
244
267
192
191
188
210
192
242
210
262
198
196
221
202
203
274
205
211
189
299
289
189
216
252
187
230
206
262
199
210
248
238
191
248
259
182
380
209
265
193
228
206
228
233
189
219
237
184
200
251
250
213
255
190
188
271
230
191
197
248
193
186
222
187
194
221
185
221
191
184
281
288
178
236
290
187
222
250
188
196
229
215
213
209
212
268
191
202
223
219
270
216
227
258
211
191
306
200
192
288
197
189
312
186
210
256
182
381
218
180
239
216
183
452
241
183
274
283
192
260
220
199
277
189
178
317
210
181
267
199
290
235
190
200
250
214
219
198
207
195
313
183
221
233
205
352
216
206
221
276
187
204
234
195
201
235
215
203
210
209
204
201
188
191
250
185
207
199
205
257
244
221
204
218
221
187
237
237
209
193
219
211
198
253
203
237
244
197
233
231
186
348
216
196
268
298
185
196
239
188
191
326
225
221
293
198
181
216
320
189
194
255
187
198
254
192
194
271
190
228
237
192
178
217
221
186
216
229
190
235
213
199
219
202
195
201
199
207
297
188
198
280
184
189
246
186
182
198
294
193
223
226
191
243
221
213
196
195
188
195
217
237
211
201
221
281
185
247
200
223
248
196
284
246
220
212
199
213
216
198
188
240
197
187
199
217
186
202
275
185
204
309
201
210
200
181
206
266
205
222
244
184
180
218
207
186
211
257
183
206
235
199
230
211
200
245
201
213
187
208
210
224
224
198
202
190
211
205
202
236
220
198
182
191
225
277
243
333
266
249
260
299
296
252
298
235
319
249
310
420
270
226
319
271
295
202
313
263
312
228
232
271
219
433
231
227
218
216
259
259
201
268
217
251
254
304
218
238
258
237
233
215
253
195
220
183
216
208
208
239
207
247
197
235
207
212
314
194
221
225
248
203
217
294
241
192
188
224
246
213
199
227
220
191
205
202
189
263
192
187
262
193
195
191
274
193
188
198
206
224
200
225
189
207
201
233
212
238
204
225
190
255
237
229
212
217
213
224
256
201
192
213
211
187
222
189
192
259
236
205
224
241
210
204
216
183
188
206
248
208
226
218
207
187
316
233
190
401
188
205
268
207
187
307
187
235
240
219
202
191
228
263
210
205
234
229
253
218
189
214
311
193
218
207
193
215
220
197
195
233
273
187
251
237
237
250
210
219
187
189
216
187
206
200
196
189
249
193
272
230
231
226
334
204
241
202
208
338
227
191
297
193
281
285
190
235
283
192
211
195
249
197
231
271
240
199
249
191
300
225
191
298
216
211
180
262
340
182
337
238
187
302
213
190
200
277
204
203
280
204
239
292
234
185
329
199
183
252
200
207
190
239
349
237
193
292
233
184
213
281
214
190
275
200
198
182
198
188
230
284
240
186
365
251
193
204
260
190
228
225
202
194
309
217
222
197
194
247
185
319
219
190
215
251
189
219
420
193
189
232
214
192
199
527
184
196
244
410
188
205
314
291
190
256
276
186
211
231
214
223
184
310
186
232
250
274
201
194
193
334
232
244
277
195
240
192
275
198
212
433
202
185
224
305
184
214
242
249
216
251
211
191
220
230
272
252
199
206
288
245
184
241
199
212
181
333
193
190
273
372
188
213
268
182
221
201
275
188
184
273
248
185
218
192
297
240
185
260
187
198
222
244
226
212
259
234
182
234
292
230
198
229
343
202
213
287
200
222
296
305
188
259
203
269
226
225
195
390
217
186
204
250
190
193
290
306
185
225
219
245
191
253
202
214
186
264
265
213
201
196
215
248
193
244
240
216
218
202
191
186
323
245
186
214
241
216
208
255
211
194
272
230
186
215
337
202
213
230
221
199
230
223
196
217
185
207
227
226
244
245
197
194
220
205
197
217
271
195
203
240
217
203
244
269
189
208
228
268
185
190
244
191
196
212
221
266
209
187
210
206
212
197
222
198
199
225
198
219
271
217
255
232
231
222
195
228
200
225
188
229
244
225
218
224
207
207
238
194
200
312
198
191
187
198
241
188
234
232
194
233
194
281
227
203
223
202
188
199
221
223
201
187
204
205
185
314
223
180
281
322
181
228
381
226
217
206
217
250
224
197
230
209
185
293
203
183
211
255
187
206
252
200
230
180
266
203
202
227
213
217
234
232
277
187
200
289
212
202
306
226
194
289
245
194
269
216
196
197
208
185
177
296
225
230
208
189
222
199
211
200
216
229
261
186
245
216
182
232
185
222
240
184
199
208
212
227
182
183
309
200
187
466
231
181
307
255
191
231
215
216
212
231
222
185
232
244
193
216
244
216
216
225
228
205
224
208
271
202
189
190
220
231
294
186
221
230
187
182
207
222
194
189
205
207
190
238
249
215
221
242
217
262
193
207
259
218
200
246
232
197
253
257
214
215
193
268
220
315
227
193
218
202
285
196
196
241
224
242
228
188
229
222
239
203
264
189
251
209
220
243
319
308
206
184
310
285
222
184
301
245
196
221
254
283
204
186
235
199
293
265
219
195
243
189
337
307
280
243
227
185
236
190
252
293
248
262
292
226
245
200
253
258
216
271
249
194
252
210
275
214
217
276
261
208
297
230
215
253
277
242
222
271
344
187
341
224
239
213
228
215
237
256
322
189
281
298
220
188
216
182
196
283
192
219
206
325
217
215
240
201
257
348
209
261
195
208
215
188
220
224
253
214
226
185
282
207
227
193
361
185
232
187
243
184
251
183
286
250
193
182
284
220
217
263
217
206
186
232
188
310
212
248
208
258
233
195
181
274
252
207
224
361
204
259
211
254
210
213
199
287
257
188
190
306
232
190
197
258
237
192
206
223
253
212
195
189
366
247
265
216
266
218
192
189
287
233
189
181
271
259
182
191
264
225
179
320
246
182
210
309
255
184
200
213
248
190
203
183
270
258
178
200
294
245
186
481
185
247
179
412
187
183
186
221
347
233
200
229
253
437
180
198
251
216
186
192
212
250
383
181
183
387
190
177
189
362
187
179
370
202
179
206
338
202
333
213
195
315
176
232
190
180
202
190
279
182
229
331
181
223
227
184
178
310
228
197
224
179
235
349
176
217
205
294
201
277
199
257
370
183
192
345
186
189
323
185
179
185
461
184
255
239
191
188
333
246
181
342
243
201
299
199
210
198
187
201
311
184
179
301
296
288
306
238
190
272
587
202
199
311
229
186
330
232
184
313
202
188
279
269
188
230
358
217
194
353
185
227
268
187
298
190
215
243
185
226
328
196
193
180
201
363
211
183
204
272
283
270
197
188
182
359
182
268
191
320
180
277
193
296
330
191
251
289
262
183
295
193
240
182
201
224
202
333
223
178
228
243
369
198
184
202
262
199
184
225
249
214
270
182
239
183
247
181
206
193
190
313
217
202
186
218
307
186
262
198
336
189
185
186
208
189
224
218
186
259
202
183
276
266
240
191
335
185
181
201
364
277
186
212
183
241
256
210
186
350
231
298
195
256
295
254
186
276
243
366
187
241
238
243
185
192
209
187
324
190
235
356
181
311
184
245
190
195
187
237
288
185
335
206
208
328
185
378
182
340
190
253
272
217
316
217
184
389
237
407
297
207
309
195
342
268
248
195
204
312
246
197
300
185
222
336
223
190
188
259
361
322
233
200
313
188
283
195
306
319
184
352
185
212
202
182
288
181
243
310
186
299
214
182
266
199
234
315
227
183
295
239
353
217
187
410
236
185
230
243
240
233
213
364
185
430
202
192
312
185
192
309
190
308
257
198
259
193
204
228
237
187
337
208
286
305
231
316
188
184
259
265
269
208
198
189
283
205
193
208
383
221
189
355
238
234
190
269
192
318
185
204
189
189
190
223
231
192
188
185
201
305
281
207
196
223
260
315
189
328
264
204
214
352
187
193
219
244
264
218
240
189
218
240
389
292
182
233
238
257
208
213
275
312
228
316
217
289
185
235
371
208
183
243
341
273
201
325
270
228
337
212
232
207
211
269
226
322
236
369
238
342
191
290
220
217
353
192
207
221
268
260
194
420
249
347
182
288
229
235
194
203
237
246
365
193
183
336
209
324
208
185
197
255
379
226
223
196
212
352
213
181
353
216
188
269
186
338
193
180
226
199
306
255
361
197
182
241
187
285
399
184
188
221
312
241
372
185
247
304
184
243
222
235
309
213
189
373
188
361
207
194
273
350
221
214
206
276
386
214
221
195
185
214
232
340
246
207
185
183
289
292
184
227
364
211
248
232
315
223
235
198
230
229
305
212
195
314
233
260
240
193
340
185
221
295
244
338
217
288
273
228
333
192
204
335
221
305
191
276
289
208
345
186
285
225
193
248
230
208
282
254
264
186
250
263
192
260
290
264
453
185
260
301
232
228
184
329
210
185
251
188
196
297
241
218
248
239
309
186
283
336
213
184
337
218
188
202
285
183
188
309
197
199
207
320
200
182
282
338
187
188
288
211
189
221
312
182
207
298
225
228
191
229
220
247
206
233
186
183
237
189
255
324
195
264
321
220
198
306
212
202
211
406
206
187
302
241
229
243
345
202
205
279
177
173
257
204
226
294
194
186
321
242
181
279
290
183
203
184
321
188
204
185
299
208
223
222
393
183
283
188
246
180
288
182
287
263
190
181
382
187
180
459
239
180
258
183
220
372
208
200
193
194
190
276
224
216
244
191
370
194
191
184
254
292
235
204
228
187
255
203
295
249
188
203
207
215
231
198
279
188
225
394
204
281
190
199
333
185
214
290
243
207
197
272
191
197
437
192
239
201
252
188
365
246
186
196
240
203
332
284
212
269
191
220
245
194
301
184
184
332
182
185
246
225
337
244
219
226
216
260
183
266
209
185
302
276
185
244
212
186
299
288
186
207
248
210
195
219
285
185
447
200
261
348
195
190
198
256
228
186
306
211
188
376
213
231
285
221
209
209
333
215
185
210
232
244
250
202
218
271
303
213
210
341
191
263
308
190
215
299
221
187
355
182
187
433
262
199
293
232
210
316
220
222
330
197
190
193
206
194
200
351
250
189
227
274
186
256
183
285
201
397
189
348
188
226
223
203
281
206
193
219
191
187
215
391
186
336
219
202
190
207
317
242
201
275
184
255
192
327
240
229
212
186
438
234
184
327
208
370
214
196
184
254
293
185
186
319
235
208
278
187
191
202
306
256
187
316
213
275
186
312
220
220
188
198
222
261
198
202
229
228
324
215
189
352
252
183
243
274
216
211
263
188
247
322
197
316
254
189
222
255
188
286
401
185
190
316
234
182
187
270
206
188
204
199
200
272
258
186
184
354
208
176
211
186
179
267
179
178
192
183
299
173
202
189
251
185
176
179
218
290
178
212
180
174
289
212
181
225
177
317
216
176
202
189
276
208
180
181
177
200
204
181
327
224
193
265
177
201
290
212
185
175
192
298
175
255
185
323
183
251
189
246
234
209
353
212
257
207
404
245
197
318
239
205
263
281
219
208
233
408
185
180
195
434
188
189
274
336
216
241
314
304
185
258
214
201
251
214
225
238
219
183
241
225
304
312
207
216
330
258
192
255
235
291
252
179
355
246
203
385
257
187
241
384
176
260
215
181
215
339
190
236
243
306
180
245
254
185
200
232
332
250
277
238
209
288
232
191
301
222
193
242
289
208
215
277
312
215
230
262
246
260
269
207
300
207
415
181
210
349
191
224
271
380
206
211
240
193
196
430
193
244
294
184
201
316
223
217
227
355
190
295
308
184
273
204
296
234
209
301
184
241
343
199
195
262
367
183
203
355
191
186
323
212
215
276
182
298
638
184
221
254
259
292
260
281
264
235
276
277
231
181
201
200
321
316
183
257
190
367
246
397
311
199
232
211
241
232
278
347
259
289
191
241
196
277
362
240
267
204
271
205
305
326
322
230
368
239
181
272
245
267
209
322
289
190
264
217
207
256
227
300
217
357
241
183
367
183
187
432
209
186
375
228
192
472
184
219
470
187
211
455
185
239
454
187
276
341
200
199
356
219
286
329
184
251
183
186
338
215
215
371
196
242
354
244
278
233
307
231
274
193
189
388
184
303
336
196
201
289
209
196
323
219
186
364
203
197
320
222
278
180
273
202
189
416
221
196
459
214
206
297
268
209
240
322
239
355
309
224
210
187
215
270
188
220
207
310
205
188
207
375
189
183
383
200
208
336
223
256
187
252
192
184
201
378
184
198
255
209
181
342
324
203
184
318
221
214
420
222
217
221
228
194
222
371
215
216
213
217
326
192
303
215
215
220
276
183
271
201
196
229
200
278
224
202
185
411
185
190
249
322
192
211
218
220
240
187
348
208
186
209
511
203
202
185
324
264
185
190
336
272
195
203
284
224
201
187
322
240
227
191
372
222
304
222
184
315
247
186
293
189
292
311
296
311
185
211
198
326
220
196
206
212
327
188
190
351
187
212
224
193
185
241
319
186
331
220
200
203
223
333
292
232
217
280
182
346
212
182
208
210
224
185
327
203
269
233
320
183
185
237
208
269
238
191
181
215
238
187
312
184
223
205
317
184
291
217
267
195
203
376
182
203
305
190
180
252
198
294
199
339
195
184
346
213
308
227
331
185
212
293
236
308
209
194
310
200
320
203
202
359
220
184
215
211
188
193
255
193
180
261
184
184
221
189
198
214
265
212
294
232
204
258
185
250
185
195
254
255
187
246
194
247
193
215
321
181
190
185
196
181
262
185
205
226
220
210
191
258
204
187
253
182
205
188
259
193
189
239
190
194
206
193
244
184
281
185
199
318
212
205
240
181
213
336
183
188
245
213
232
206
219
215
206
235
226
225
256
240
217
267
183
284
249
185
234
273
184
292
217
196
299
200
183
258
191
185
224
182
258
238
182
192
242
186
222
318
210
179
251
224
185
213
240
240
219
277
243
226
188
232
218
185
206
184
309
196
209
226
195
204
248
197
210
204
266
206
196
197
254
190
194
208
244
211
200
200
260
191
219
187
278
204
236
301
200
200
206
259
183
246
247
189
226
220
274
227
227
213
186
231
192
278
200
252
188
219
256
183
274
186
196
192
228
230
183
188
256
188
231
235
213
214
268
195
182
235
205
225
190
221
218
188
187
292
219
303
210
201
202
308
249
218
209
274
192
190
223
202
188
194
195
221
225
225
246
203
205
253
184
200
189
254
184
261
184
209
193
183
237
313
242
182
264
242
190
196
235
186
215
198
187
228
310
209
216
308
260
256
246
200
234
209
207
212
211
256
197
212
287
185
209
290
184
194
221
220
198
229
218
239
243
201
229
220
206
210
182
190
217
217
184
226
219
186
208
207
214
184
222
289
180
184
259
206
193
225
238
198
319
185
187
312
186
204
235
195
197
236
193
221
186
201
249
222
209
187
207
184
191
218
203
185
224
194
198
219
226
186
217
289
187
198
190
185
222
202
193
220
186
186
185
290
190
236
207
213
183
240
212
189
194
284
267
184
253
205
187
186
204
214
214
280
200
219
209
322
197
182
227
305
220
211
214
233
228
206
233
186
288
238
217
195
319
206
217
214
247
213
256
267
214
192
192
220
236
209
214
189
212
212
219
199
243
220
189
253
254
204
189
269
226
217
201
237
239
240
192
189
228
206
185
198
343
191
222
193
207
219
205
199
209
306
202
197
185
201
191
289
196
223
251
185
269
247
200
201
250
242
197
217
264
197
224
212
324
207
242
189
264
192
205
221
216
211
297
203
246
200
289
214
202
225
220
226
197
194
207
216
218
190
336
257
222
184
251
190
188
257
208
191
201
249
208
249
233
185
232
203
190
222
279
218
183
222
283
208
201
229
297
223
194
201
228
185
187
261
196
200
209
298
198
203
301
191
187
259
240
209
195
201
215
193
221
230
194
186
290
191
187
193
271
194
233
193
228
211
187
234
190
220
199
212
247
207
189
218
213
183
219
213
191
206
200
183
242
289
186
188
295
193
187
200
213
192
191
201
249
209
186
308
215
184
246
232
224
241
229
185
243
200
196
195
205
235
195
235
208
248
245
188
195
297
181
204
249
184
192
212
238
194
217
252
201
226
225
225
241
196
260
188
231
210
228
197
239
193
222
217
213
180
210
209
182
254
233
190
208
222
187
202
233
236
198
190
240
194
189
216
198
207
187
206
259
206
186
225
205
188
188
214
217
187
222
227
193
224
220
214
191
218
209
206
206
216
203
222
223
197
194
239
212
265
182
223
183
193
195
223
211
205
208
281
192
186
256
222
209
217
206
214
208
221
225
209
220
188
179
201
240
207
217
202
217
229
186
196
219
237
204
218
194
195
182
211
215
233
222
213
199
219
203
198
227
205
185
184
221
187
199
225
213
202
207
235
207
188
198
226
227
219
216
208
194
212
202
184
250
238
183
228
268
182
200
253
190
182
294
195
181
213
237
192
202
255
184
183
199
195
185
252
189
188
191
311
189
191
340
203
182
300
181
180
264
206
195
220
253
194
190
239
199
206
202
201
201
188
232
251
192
246
194
217
257
256
191
207
310
186
200
235
202
192
226
243
239
232
184
215
225
202
246
258
186
204
203
228
204
188
215
190
188
291
185
226
259
184
265
250
242
200
201
295
202
191
232
202
223
278
187
213
220
208
202
196
197
188
198
196
188
209
204
207
269
205
188
220
273
233
255
241
187
220
185
188
258
189
219
288
235
188
201
242
254
179
254
202
183
218
206
185
198
234
185
249
220
185
189
319
184
197
344
202
202
302
199
187
263
192
191
232
228
190
236
198
213
257
277
206
235
206
192
185
242
273
197
232
247
207
206
206
218
220
190
283
187
226
185
220
210
188
261
193
209
249
188
182
249
187
184
197
247
194
204
210
212
192
232
261
184
248
189
209
193
193
299
186
202
225
222
215
228
227
190
222
241
233
238
199
198
260
204
188
231
278
193
188
271
196
198
280
258
194
205
204
193
184
290
200
183
326
194
193
248
310
192
209
196
193
193
199
316
202
200
218
254
223
197
217
214
260
267
185
318
240
195
245
271
188
183
262
224
191
216
311
185
229
202
224
189
189
308
186
222
188
197
233
183
187
238
295
244
205
223
216
212
253
244
199
193
217
207
199
220
238
182
193
231
247
215
241
241
253
271
235
192
285
208
186
299
189
188
200
221
192
249
213
240
246
207
194
198
238
313
199
216
235
182
182
256
189
186
208
182
235
184
271
213
307
194
224
208
362
187
195
253
217
186
233
205
177
219
248
190
190
184
263
198
182
308
195
270
189
187
223
194
197
244
201
231
203
216
189
179
200
202
246
182
277
241
182
231
190
227
189
276
189
201
199
210
285
184
210
237
195
245
227
181
245
277
186
204
308
197
222
208
252
181
245
196
203
199
193
184
242
183
230
208
203
205
276
180
199
219
221
225
192
357
220
195
243
201
191
213
185
267
255
184
180
213
199
186
196
243
205
182
267
192
183
193
234
212
196
261
190
183
242
188
188
193
193
201
201
252
236
186
185
208
185
181
206
191
211
184
180
197
239
181
192
187
204
185
186
189
181
230
186
193
184
223
254
207
183
193
227
210
182
208
262
199
245
186
193
200
197
189
185
192
191
231
191
190
196
189
205
202
187
183
198
188
187
220
186
195
184
194
204
190
189
205
286
210
238
198
266
212
355
182
182
186
205
212
193
193
265
251
267
216
290
210
229
263
194
193
251
194
230
192
414
190
230
215
234
191
202
203
201
204
189
183
184
186
256
939
240
257
191
215
216
278
272
232
240
198
217
214
255
288
444
233
241
264
213
244
306
265
403
270
244
234
210
211
245
214
226
229
324
228
232
211
243
347
260
230
213
321
200
320
221
296
217
224
302
202
220
238
286
216
239
235
306
327
201
193
277
187
306
225
232
383
262
242
202
245
447
239
198
271
189
219
208
214
389
184
229
217
202
256
182
195
240
222
202
244
201
198
285
194
201
197
210
202
255
194
207
198
199
213
257
211
196
200
264
213
240
213
209
206
190
208
204
211
222
266
227
238
236
227
231
212
205
201
251
216
215
237
206
230
208
209
216
213
245
241
235
212
206
192
223
194
235
202
233
223
191
222
196
208
198
450
199
200
316
203
187
222
255
241
216
189
206
190
204
716
197
183
195
440
249
192
189
202
199
190
199
201
202
205
190
259
205
190
195
199
228
203
191
184
189
284
195
205
206
258
203
201
218
203
261
182
193
215
199
343
197
207
187
201
209
221
210
199
419
203
428
194
205
213
214
254
203
186
200
359
220
186
193
259
431
189
242
205
189
196
268
206
196
217
275
229
235
197
233
201
227
210
751
244
219
241
203
269
256
244
200
214
388
219
205
225
715
187
206
267
241
261
227
256
219
243
262
523
206
263
217
221
209
235
195
247
847
230
188
385
200
197
202
253
251
259
300
203
239
205
266
308
244
422
218
213
250
195
300
208
185
256
231
224
210
228
199
203
237
220
201
230
211
222
198
212
223
345
231
203
259
426
215
270
247
219
207
206
201
378
211
248
200
219
221
853
189
226
251
194
270
212
207
472
377
212
215
267
197
730
406
247
247
223
194
254
324
215
221
623
272
223
209
214
266
193
202
290
701
239
200
1897
185
216
1092
261
237
224
325
190
188
269
193
196
467
192
210
214
214
218
621
367
200
197
238
205
204
203
191
220
182
231
205
183
243
188
208
200
235
192
186
254
210
198
189
306
193
209
210
383
181
212
190
188
201
188
195
193
219
266
229
198
184
202
199
196
195
189
232
198
188
184
245
195
206
196
285
195
242
188
183
262
197
210
193
229
241
314
221
207
266
231
194
224
203
233
239
321
259
184
215
244
221
192
226
196
194
200
181
194
176
175
193
211
189
200
279
234
193
237
209
230
178
191
203
185
174
180
193
199
175
172
244
197
218
193
206
205
211
191
265
201
186
231
223
208
191
256
186
211
222
218
259
228
236
220
220
219
226
221
227
213
235
228
222
214
245
253
214
277
213
198
267
211
215
235
189
239
214
233
256
209
228
243
234
224
218
276
257
196
300
256
233
193
265
198
197
253
192
265
230
236
202
205
206
266
189
394
211
229
214
206
186
211
219
246
199
210
222
198
251
228
197
228
202
188
222
219
227
204
209
216
300
209
236
269
183
217
224
214
202
217
270
187
232
238
215
206
214
204
220
246
210
223
183
209
226
210
185
236
235
216
202
222
177
212
198
213
214
207
221
204
197
233
199
210
298
203
189
257
203
181
210
187
206
191
203
216
199
197
202
188
245
232
224
239
219
239
197
286
275
193
196
273
226
208
183
249
207
258
191
273
305
192
207
236
213
211
201
214
227
201
258
245
184
192
227
188
250
221
194
257
227
234
308
201
236
290
281
272
249
205
211
233
300
234
217
294
231
188
231
177
217
272
249
200
209
197
182
296
199
226
395
186
227
264
183
226
278
190
219
190
189
212
182
261
204
182
209
180
199
279
183
183
187
219
240
208
186
282
187
195
253
186
243
234
256
216
221
234
183
257
187
203
273
181
188
221
294
201
255
185
226
245
239
223
268
285
262
361
284
341
289
357
236
253
285
298
426
289
306
253
303
311
286
318
278
329
260
310
291
315
293
267
293
283
283
342
311
272
214
239
333
231
200
193
222
186
313
216
214
228
233
217
187
318
189
203
254
191
223
213
253
205
185
239
186
248
244
190
243
250
213
292
201
225
238
217
189
236
306
216
263
259
187
245
260
195
180
201
188
186
229
198
174
219
198
184
175
220
228
192
185
192
232
203
304
192
229
228
314
198
200
218
206
225
229
237
229
199
209
281
183
288
186
204
294
207
185
218
276
180
247
188
173
261
184
202
208
201
292
208
252
233
188
323
252
272
185
213
268
207
240
190
191
313
234
197
185
219
219
215
245
193
196
243
187
255
201
217
194
274
187
189
236
249
181
196
186
188
250
189
199
311
198
248
209
183
213
195
221
207
197
205
204
187
264
242
203
237
181
212
187
186
209
219
196
187
253
196
200
214
211
217
191
189
242
203
203
186
253
212
239
211
210
191
212
181
220
182
196
210
218
207
203
282
272
211
234
209
234
234
214
222
259
216
251
207
245
203
189
193
277
217
269
186
253
206
240
187
243
201
204
191
211
199
190
186
238
223
178
209
205
212
190
228
196
265
227
259
212
209
215
265
223
214
189
213
267
214
186
214
221
198
202
194
216
292
183
197
215
249
201
224
222
200
260
208
201
260
222
263
206
212
231
223
234
315
194
225
467
197
210
200
253
289
496
530
248
225
228
318
204
206
527
583
235
209
211
989
243
276
223
233
204
264
258
281
222
225
308
235
892
247
229
223
317
257
195
225
242
204
640
207
226
252
205
231
505
256
272
196
219
299
212
222
273
195
393
237
193
244
254
280
253
257
268
273
212
298
188
227
268
194
207
267
233
248
267
225
218
284
267
218
203
189
293
209
193
274
198
193
249
203
198
242
210
222
227
272
206
230
248
224
284
300
187
226
324
224
235
259
226
231
254
208
243
235
191
236
205
215
210
278
231
194
379
331
207
199
196
297
189
216
240
269
217
186
244
185
238
216
228
247
227
222
215
193
220
318
235
207
219
270
216
188
245
229
255
237
244
239
250
242
201
204
224
228
310
218
208
208
228
184
189
253
227
306
207
209
195
205
190
187
235
195
197
221
197
193
225
217
182
191
220
254
184
213
191
226
185
184
225
213
247
204
236
181
286
208
186
211
266
191
207
239
219
192
219
221
256
192
237
197
209
191
205
252
192
225
241
256
186
263
242
276
185
271
229
205
212
272
349
324
333
238
237
354
366
324
298
314
276
222
246
239
247
289
353
291
306
212
240
222
228
331
262
267
243
237
228
308
446
256
217
244
350
264
321
382
272
266
257
301
270
245
261
295
248
307
328
232
248
229
245
244
254
360
292
242
247
300
300
251
340
250
269
232
312
289
275
383
252
306
257
303
261
259
242
234
210
272
276
286
229
250
258
349
256
260
351
250
239
243
302
297
334
225
380
254
263
234
347
268
249
328
265
359
244
309
310
278
249
333
317
329
277
278
347
317
271
219
248
309
268
208
278
337
297
291
248
280
465
239
343
274
286
260
260
253
322
339
260
243
281
232
338
306
299
271
281
294
309
341
290
311
262
289
219
278
274
298
232
267
303
309
262
258
233
301
285
247
288
304
469
281
329
305
298
248
365
283
300
245
365
296
258
234
323
320
245
230
316
332
269
347
252
459
208
294
260
302
242
299
258
298
315
242
224
283
393
243
247
276
390
272
361
333
240
267
340
296
297
337
245
303
221
335
244
308
319
268
257
260
323
268
318
299
295
255
319
237
312
220
273
251
318
274
234
261
326
237
263
244
334
256
266
258
243
293
240
275
238
270
273
268
265
251
338
238
270
246
282
277
309
267
340
246
303
344
260
244
245
252
230
293
328
257
233
234
240
260
302
244
243
283
316
232
313
285
299
206
273
335
188
208
296
191
217
288
210
211
206
240
228
190
255
183
193
227
181
195
269
238
194
189
223
233
191
222
222
193
224
222
259
208
191
297
199
187
248
186
210
269
198
262
222
207
223
264
198
213
188
212
197
243
203
236
233
198
197
235
186
204
237
189
235
204
231
279
238
207
305
237
208
213
255
205
203
230
231
206
267
218
184
193
267
230
217
205
260
281
190
189
239
273
222
201
289
191
191
190
198
232
193
184
187
202
211
187
189
216
188
187
190
208
225
181
183
199
195
250
189
184
208
193
179
210
225
198
200
188
199
181
192
197
196
187
230
193
194
196
260
206
197
229
217
185
193
220
198
193
191
220
202
181
219
184
197
208
263
197
205
189
190
195
212
191
197
196
205
186
201
299
202
231
190
209
204
235
229
222
191
236
215
197
291
190
258
190
214
197
238
191
200
201
215
193
202
303
198
228
183
265
190
235
208
225
197
185
237
255
198
188
229
237
211
188
217
209
222
202
224
213
265
195
196
195
220
201
182
198
237
198
189
200
251
212
191
211
203
243
223
182
199
287
216
202
209
233
202
229
196
207
199
246
197
194
260
212
184
182
198
222
197
188
182
198
184
198
192
195
316
278
263
286
192
196
401
204
230
221
193
195
212
197
208
224
190
212
201
215
196
195
209
202
237
220
219
188
208
209
271
229
192
187
217
193
233
250
369
194
190
230
275
237
190
314
243
220
205
247
216
253
315
280
213
200
249
286
227
220
269
273
274
294
206
196
185
213
206
213
213
198
221
180
255
197
203
225
188
233
218
277
188
267
217
242
204
211
303
189
331
219
204
194
244
194
196
277
305
293
295
197
251
239
203
234
260
220
230
198
207
265
196
190
243
284
207
303
199
230
203
292
191
195
278
213
198
262
219
281
184
312
250
229
198
212
236
259
215
191
248
272
322
187
194
219
257
185
186
192
238
232
203
208
196
254
209
201
219
204
258
216
237
300
192
190
204
209
244
218
257
198
219
222
234
196
183
188
202
234
233
276
193
186
252
217
218
190
199
309
201
196
202
208
259
230
204
216
216
235
209
187
195
243
203
193
229
235
226
259
265
290
231
240
198
201
197
250
185
245
186
224
232
187
195
312
199
201
224
280
189
204
249
191
221
212
186
188
210
300
185
191
262
184
194
293
204
201
206
200
192
189
208
205
189
181
269
219
198
197
251
224
188
218
192
226
213
224
191
238
194
189
220
188
210
219
252
239
220
191
217
183
191
215
192
188
256
192
221
242
197
210
231
183
210
238
203
209
233
256
192
277
185
228
197
185
267
218
183
246
204
222
220
229
219
188
204
213
185
200
200
186
204
188
202
196
227
195
198
237
191
264
187
197
185
183
193
253
246
184
239
226
199
218
228
213
194
229
225
184
260
189
190
184
187
192
206
208
235
186
203
187
243
220
231
238
209
192
259
372
196
188
218
193
289
187
213
246
206
184
288
290
187
206
261
295
208
222
257
237
186
250
207
194
204
220
185
222
216
266
207
198
202
191
211
211
192
224
192
233
216
186
201
201
237
187
202
211
187
223
279
198
223
267
187
190
264
199
183
209
216
207
235
227
229
183
193
224
189
184
290
198
189
207
217
187
249
208
206
229
209
188
244
201
187
262
240
192
203
233
222
208
229
207
191
212
191
183
236
242
190
234
222
196
191
211
208
185
265
208
255
217
206
200
273
187
193
225
194
183
209
245
198
198
234
189
217
188
215
185
193
199
187
224
267
189
195
249
189
182
255
217
197
200
260
188
196
237
199
198
206
235
183
255
204
193
203
185
250
188
187
199
185
235
185
265
199
197
222
201
218
209
196
252
184
258
217
304
233
237
273
189
188
297
215
206
204
217
198
180
208
208
182
196
237
212
184
243
263
207
282
188
216
230
250
225
205
209
196
226
209
235
246
240
265
192
197
240
182
199
246
191
280
241
239
208
183
192
256
212
193
259
235
182
252
224
186
198
270
187
195
220
255
187
234
255
185
187
228
186
214
368
183
192
222
223
213
250
230
196
203
233
235
198
210
240
199
184
317
267
187
189
235
194
184
205
195
263
184
211
233
199
225
222
181
201
201
232
204
232
232
187
286
188
231
217
190
250
227
224
185
317
186
265
194
200
238
260
189
233
192
219
185
236
228
184
276
258
189
243
209
187
195
294
186
197
303
181
215
223
190
226
206
228
186
196
198
206
214
200
225
207
193
197
193
211
215
228
251
205
247
182
212
255
196
208
185
262
194
205
197
413
202
281
184
280
184
231
192
186
184
379
284
189
219
302
183
206
277
209
189
183
317
185
230
197
238
185
190
215
188
211
243
247
187
196
223
208
262
188
200
321
182
232
315
194
192
241
185
225
181
286
252
191
203
404
206
206
206
206
271
185
309
203
194
305
288
186
216
273
247
198
252
188
281
277
186
203
306
204
190
221
203
181
251
222
278
209
197
324
201
195
227
268
191
241
319
248
216
333
335
209
235
259
254
318
235
217
270
251
204
201
236
183
197
315
288
225
236
292
225
265
214
235
182
212
246
256
239
236
283
317
196
193
307
201
295
193
277
232
206
328
202
191
198
270
222
291
184
269
210
197
205
307
278
217
187
261
240
218
200
237
205
180
224
313
207
204
316
247
184
198
315
183
184
311
239
177
220
252
251
188
222
198
183
296
190
194
246
283
195
215
276
182
187
375
187
181
244
317
187
205
323
218
229
206
315
207
215
205
250
183
244
344
182
193
604
197
185
322
295
184
258
253
186
304
198
295
228
204
340
214
180
259
245
184
219
313
186
176
231
280
185
203
309
199
194
254
259
183
204
245
231
240
183
275
238
188
188
241
244
246
238
243
246
215
301
211
278
216
191
237
240
203
275
192
317
183
244
268
221
185
304
256
185
193
249
250
196
321
233
199
263
228
209
184
256
203
184
283
201
196
286
201
202
311
219
206
285
217
240
205
219
251
209
247
222
195
300
244
265
196
219
200
201
288
209
187
251
207
225
185
182
225
183
228
286
187
248
245
203
248
245
186
192
204
431
207
182
241
188
265
247
222
186
586
230
195
289
210
185
277
226
192
192
328
207
244
186
282
198
189
274
318
209
298
201
204
195
237
214
190
315
231
187
301
231
235
359
202
192
236
204
225
209
286
216
214
250
191
262
244
201
272
188
219
204
240
259
183
220
272
189
258
234
199
195
311
242
182
225
238
184
226
256
184
228
236
217
193
300
185
215
227
220
293
195
219
288
197
247
188
288
186
251
214
202
257
212
202
259
202
218
183
313
192
185
209
206
182
255
295
190
248
225
188
194
203
201
180
274
212
188
364
241
186
218
289
213
186
233
186
200
322
190
207
301
205
233
201
241
199
234
209
278
186
206
251
270
187
230
215
182
248
182
244
296
185
193
229
832
186
185
193
202
194
212
227
200
237
190
198
268
183
229
215
251
196
221
281
202
196
204
228
217
185
231
285
188
302
239
262
242
202
191
258
202
269
209
194
288
208
237
218
227
272
209
201
275
200
193
189
518
215
187
233
250
191
212
183
431
186
200
188
228
212
222
196
299
203
186
312
317
192
200
309
218
201
243
187
292
231
207
190
432
238
195
188
315
223
185
215
222
235
213
317
246
282
217
274
320
212
180
432
197
177
207
217
186
243
190
199
317
189
241
244
243
190
318
191
182
322
223
185
292
205
289
215
229
199
211
197
217
235
197
237
291
191
319
211
286
306
189
363
316
185
245
284
233
187
189
206
199
202
311
215
204
251
256
234
192
217
206
214
239
286
186
235
314
189
301
205
188
217
230
184
215
266
190
311
198
207
277
203
200
297
181
232
197
238
238
196
188
194
267
186
254
246
185
335
237
184
294
257
182
246
223
195
187
313
194
213
234
191
192
239
290
180
215
285
228
187
237
255
229
227
296
179
227
351
183
205
339
190
187
310
189
184
229
188
286
257
203
237
251
202
321
241
241
193
243
208
259
198
266
196
231
213
208
188
193
199
216
202
200
232
210
285
186
236
226
181
240
240
230
180
219
223
179
283
254
211
195
249
189
224
216
274
186
187
245
236
268
214
268
245
272
246
236
208
190
251
182
177
246
197
179
336
193
178
324
199
197
248
255
212
192
222
262
187
216
204
211
289
232
192
308
212
179
225
269
190
186
314
183
184
282
293
195
213
186
267
221
257
181
231
184
186
285
237
248
209
312
220
190
194
182
224
183
217
222
262
208
382
190
249
199
343
203
384
327
191
294
236
470
216
212
289
264
217
263
220
210
195
269
222
187
211
293
260
190
574
196
287
214
194
202
186
275
183
552
195
463
226
268
194
202
283
208
591
242
215
254
587
389
209
245
198
326
525
208
194
293
247
231
444
202
202
249
251
442
202
257
229
208
310
267
193
197
235
199
204
272
1043
248
208
276
196
235
306
191
227
305
207
194
227
298
202
338
281
193
309
200
210
539
279
218
208
276
218
179
213
284
196
210
193
260
213
186
278
225
182
243
185
184
195
222
182
196
284
200
197
257
203
200
219
182
473
250
183
199
259
199
190
284
196
182
302
195
201
291
199
203
290
220
203
237
211
511
181
224
215
249
193
211
263
189
204
223
207
363
207
211
313
194
187
196
258
197
188
272
203
190
188
565
188
214
192
319
183
188
190
263
200
191
494
196
210
206
194
180
198
275
190
204
202
192
205
477
199
220
211
209
276
187
192
406
249
202
204
291
184
210
194
195
268
252
203
245
200
201
294
193
202
180
268
193
216
214
332
180
237
221
199
207
227
254
180
224
259
334
217
220
195
266
197
211
200
182
196
207
185
280
195
209
199
200
220
210
299
235
184
305
206
203
298
408
220
302
211
210
217
198
214
192
263
206
197
260
215
208
294
218
217
335
541
208
301
428
730
218
216
206
192
773
206
281
220
204
251
297
225
243
212
222
202
198
507
280
193
279
207
184
459
199
186
201
211
192
213
193
193
226
258
209
219
187
309
275
332
282
617
311
282
293
431
265
322
201
258
270
337
293
282
301
404
272
255
386
299
263
272
258
326
294
305
263
313
268
240
296
320
293
318
372
303
279
195
294
326
292
340
262
428
281
345
266
387
311
248
298
333
559
252
268
295
283
321
244
267
296
270
262
279
328
296
262
179
232
202
209
218
243
320
459
240
234
289
235
290
270
293
291
302
299
247
377
262
302
221
333
302
250
285
228
296
263
265
340
270
377
335
239
391
248
228
263
329
285
283
297
253
331
263
277
288
279
260
253
269
296
260
320
247
344
254
303
293
262
274
305
251
199
439
318
253
278
270
295
309
361
315
305
376
325
306
263
263
267
318
269
375
303
245
327
230
253
410
273
258
240
265
272
289
309
278
301
236
196
237
266
294
211
255
231
298
243
339
320
268
291
331
340
297
282
248
260
430
309
262
258
384
265
238
310
267
187
292
307
246
301
283
310
260
319
440
248
264
290
257
240
273
366
325
254
284
271
240
269
198
234
205
298
258
274
236
226
218
223
191
243
243
233
254
252
219
292
283
227
311
228
394
260
241
339
252
330
251
205
306
200
193
242
202
285
202
283
221
244
194
257
245
238
188
212
202
234
227
202
255
246
227
209
200
234
213
204
221
228
242
228
223
202
197
190
211
261
213
275
253
207
245
204
233
190
245
217
222
214
292
186
207
195
222
259
219
223
228
232
254
185
231
222
186
211
224
191
203
221
230
201
204
278
225
185
251
232
217
293
211
203
268
219
189
237
213
240
188
212
214
185
256
238
208
253
230
253
217
188
228
218
216
276
245
249
198
212
188
275
350
184
249
298
190
201
204
231
244
223
262
230
204
224
189
187
303
259
186
302
265
182
192
255
257
197
209
272
219
225
187
277
206
201
253
204
185
278
227
211
246
186
274
251
280
213
187
218
231
192
207
216
210
190
276
208
265
223
225
207
244
183
276
260
185
226
224
294
217
182
249
203
191
209
203
237
233
217
197
195
221
221
229
233
225
257
260
186
227
213
200
269
186
243
242
194
216
297
198
214
190
247
198
246
202
184
202
317
188
201
304
194
232
199
191
216
225
251
190
294
254
184
212
252
243
198
252
185
198
208
249
225
198
217
251
234
220
193
220
220
196
204
210
275
187
277
235
189
255
184
262
278
195
279
204
203
192
224
271
188
189
200
198
199
230
238
202
197
215
188
215
203
196
220
213
266
190
251
188
197
206
192
193
195
264
